object={
	name="reeds_01_generator_1_0"
	clamp_to_water_level=no
	render_under_water=no
	generated_content=yes
	layer="grass_layer"
	pdxmesh="reeds_06_grass_mesh"
	count=87
	transform="540.441650 0.000000 1470.629517 0.000000 0.554741 0.000000 -0.832023 1.007360 1.007360 1.007360
550.889404 0.000000 1460.044800 0.000000 0.990711 0.000000 0.135985 0.998978 0.998978 0.998978
556.884155 0.000000 1465.877930 0.000000 0.919548 0.000000 -0.392977 1.005041 1.005041 1.005041
553.630615 0.000000 1463.216431 0.000000 0.984932 0.000000 0.172943 0.997396 0.997396 0.997396
557.232483 0.000000 1457.094727 0.000000 0.667166 0.000000 0.744909 0.981117 0.981117 0.981117
555.107666 0.000000 1461.272095 0.000000 0.964869 0.000000 0.262730 0.981416 0.981416 0.981416
1307.076416 0.000000 1571.862671 0.000000 0.964363 0.000000 -0.264584 1.058829 1.058829 1.058829
855.986328 0.000000 2805.622803 0.000000 0.157718 0.000000 0.987484 0.918898 0.918898 0.918898
3519.197754 0.000000 2667.069092 0.000000 0.579954 0.000000 -0.814649 1.057049 1.057049 1.057049
3869.046875 0.000000 2857.235107 0.000000 0.307428 0.000000 0.951571 0.890050 0.890050 0.890050
4207.770508 0.000000 3029.208984 0.000000 0.470414 0.000000 -0.882446 1.035085 1.035085 1.035085
4214.545410 0.000000 3008.017822 0.000000 0.963210 0.000000 -0.268751 1.001359 1.001359 1.001359
4194.987793 0.000000 3007.828125 0.000000 0.052525 0.000000 -0.998620 1.045485 1.045485 1.045485
4212.376465 0.000000 3014.568848 0.000000 0.993035 0.000000 -0.117815 1.001769 1.001769 1.001769
4220.921875 0.000000 3028.089355 0.000000 0.075389 0.000000 -0.997154 1.052264 1.052264 1.052264
4202.699707 0.000000 3029.045410 0.000000 0.839437 0.000000 0.543457 0.982787 0.982787 0.982787
4213.604492 0.000000 3023.046631 0.000000 0.993266 0.000000 -0.115855 1.002899 1.002899 1.002899
4204.913086 0.000000 3033.135742 0.000000 0.844315 0.000000 0.535847 0.987294 0.987294 0.987294
4221.507813 0.000000 3037.166992 0.000000 0.073624 0.000000 -0.997286 1.056064 1.056064 1.056064
4222.151367 0.000000 3031.581299 0.000000 0.686461 0.000000 -0.727167 1.024392 1.024392 1.024392
4215.999512 0.000000 3015.458984 0.000000 0.166496 0.000000 0.986042 0.975472 0.975472 0.975472
4208.032227 0.000000 3032.422119 0.000000 0.069328 0.000000 -0.997594 1.063722 1.063722 1.063722
4221.079102 0.000000 3040.347900 0.000000 0.574144 0.000000 -0.818754 1.026343 1.026343 1.026343
4222.348633 0.000000 3020.656494 0.000000 0.921632 0.000000 -0.388066 1.013929 1.013929 1.013929
4218.472168 0.000000 3017.818848 0.000000 0.780639 0.000000 -0.624982 1.016854 1.016854 1.016854
4218.355957 0.000000 3027.609863 0.000000 0.991705 0.000000 -0.128533 1.004827 1.004827 1.004827
4240.550781 0.000000 3024.683105 0.000000 0.032654 0.000000 0.999467 0.984640 0.984640 0.984640
4233.159668 0.000000 3017.510986 0.000000 0.561951 0.000000 -0.827171 1.012159 1.012159 1.012159
4248.499512 0.000000 3029.597900 0.000000 0.988964 0.000000 -0.148158 1.004455 1.004455 1.004455
4246.211914 0.000000 3021.585449 0.000000 0.999907 0.000000 0.013649 0.999591 0.999591 0.999591
4268.700195 0.000000 3043.655273 0.000000 0.461619 0.000000 -0.887079 1.013618 1.013618 1.013618
4230.272461 0.000000 3011.953125 0.000000 0.986545 0.000000 0.163488 0.998360 0.998360 0.998360
4240.077148 0.000000 3011.020264 0.000000 0.305378 0.000000 0.952231 0.965385 0.965385 0.965385
4228.845215 0.000000 3031.592041 0.000000 0.334200 0.000000 -0.942502 1.033779 1.033779 1.033779
4238.223633 0.000000 3018.430664 0.000000 0.916787 0.000000 -0.399377 1.005128 1.005128 1.005128
4230.309082 0.000000 3022.169189 0.000000 0.924103 0.000000 -0.382142 1.008810 1.008810 1.008810
4235.587402 0.000000 3012.871826 0.000000 0.034082 0.000000 -0.999419 1.038365 1.038365 1.038365
4225.829102 0.000000 3027.843994 0.000000 0.686302 0.000000 -0.727317 1.028465 1.028465 1.028465
4236.090332 0.000000 3036.899414 0.000000 0.213249 0.000000 -0.976998 1.040621 1.040621 1.040621
4242.433594 0.000000 3037.108398 0.000000 0.183966 0.000000 -0.982933 1.031137 1.031137 1.031137
4260.770996 0.000000 3036.305420 0.000000 0.921756 0.000000 -0.387770 1.011930 1.011930 1.011930
4229.472168 0.000000 3018.437744 0.000000 0.432095 0.000000 -0.901828 1.025255 1.025255 1.025255
4228.972656 0.000000 3025.587891 0.000000 0.303295 0.000000 0.952897 0.962173 0.962173 0.962173
4226.448730 0.000000 3033.683594 0.000000 0.427251 0.000000 0.904133 0.968986 0.968986 0.968986
4223.555664 0.000000 3025.843018 0.000000 0.987249 0.000000 0.159181 0.993215 0.993215 0.993215
4242.224609 0.000000 3013.308594 0.000000 0.897684 0.000000 0.440640 0.987469 0.987469 0.987469
4246.798828 0.000000 3035.800537 0.000000 0.989756 0.000000 -0.142770 1.004292 1.004292 1.004292
4270.677734 0.000000 3040.382813 0.000000 0.793711 0.000000 -0.608295 1.019590 1.019590 1.019590
4248.995117 0.000000 3037.734619 0.000000 0.332997 0.000000 -0.942928 1.036888 1.036888 1.036888
4399.747070 0.000000 3029.208984 0.000000 0.016977 0.000000 0.999856 0.945691 0.945691 0.945691
4408.162598 0.000000 3046.861816 0.000000 0.897645 0.000000 0.440719 0.993163 0.993163 0.993163
4388.755371 0.000000 3036.305420 0.000000 0.760332 0.000000 -0.649535 1.021180 1.021180 1.021180
4395.178223 0.000000 3025.942627 0.000000 0.311956 0.000000 0.950097 0.968705 0.968705 0.968705
4390.898926 0.000000 3043.822510 0.000000 0.032236 0.000000 -0.999480 1.042252 1.042252 1.042252
4410.090332 0.000000 3042.459229 0.000000 0.848781 0.000000 -0.528744 1.016690 1.016690 1.016690
4399.856445 0.000000 3026.583252 0.000000 0.764159 0.000000 0.645028 0.975497 0.975497 0.975497
4416.174805 0.000000 3041.431396 0.000000 0.952923 0.000000 0.303214 0.998462 0.998462 0.998462
5103.661133 0.000000 2709.287109 0.000000 0.960770 0.000000 -0.277347 1.002105 1.002105 1.002105
5113.793457 0.000000 2700.869141 0.000000 0.992241 0.000000 -0.124329 1.002801 1.002801 1.002801
5101.271973 0.000000 2730.644287 0.000000 0.459116 0.000000 -0.888376 1.008192 1.008192 1.008192
5096.924316 0.000000 2703.755859 0.000000 0.337477 0.000000 -0.941334 1.018373 1.018373 1.018373
5116.652832 0.000000 2723.495605 0.000000 0.791385 0.000000 -0.611318 1.019704 1.019704 1.019704
5103.235840 0.000000 2696.218018 0.000000 0.448066 0.000000 0.894001 0.939243 0.939243 0.939243
5101.955566 0.000000 2704.674561 0.000000 0.993419 0.000000 -0.114537 1.002579 1.002579 1.002579
5109.495117 0.000000 2703.124756 0.000000 0.762781 0.000000 0.646657 0.978933 0.978933 0.978933
5118.971680 0.000000 2734.194092 0.000000 0.045508 0.000000 0.998964 0.973345 0.973345 0.973345
5103.556641 0.000000 2726.792480 0.000000 0.652349 0.000000 0.757919 0.984969 0.984969 0.984969
5111.670898 0.000000 2731.101807 0.000000 0.069183 0.000000 -0.997604 1.071226 1.071226 1.071226
5096.051270 0.000000 2692.633057 0.000000 0.560609 0.000000 -0.828081 1.019487 1.019487 1.019487
5104.439453 0.000000 2693.095703 0.000000 0.441591 0.000000 0.897216 0.952745 0.952745 0.952745
5116.969727 0.000000 2720.426025 0.000000 0.684877 0.000000 -0.728658 1.018343 1.018343 1.018343
5107.987305 0.000000 2700.623291 0.000000 0.741476 0.000000 0.670979 0.966947 0.966947 0.966947
5113.798828 0.000000 2729.229736 0.000000 0.557125 0.000000 0.830429 0.943735 0.943735 0.943735
5100.987305 0.000000 2694.764404 0.000000 0.644918 0.000000 0.764252 0.965253 0.965253 0.965253
5105.531250 0.000000 2695.273193 0.000000 0.555106 0.000000 0.831780 0.948500 0.948500 0.948500
4920.046387 0.000000 2931.651123 0.000000 0.564661 0.000000 -0.825323 1.002424 1.002424 1.002424
4925.573242 0.000000 2930.383057 0.000000 0.177255 0.000000 0.984165 0.975663 0.975663 0.975663
4932.959961 0.000000 2937.852783 0.000000 0.923116 0.000000 -0.384521 1.020693 1.020693 1.020693
4935.959473 0.000000 2929.165039 0.000000 0.770308 0.000000 0.637672 0.991369 0.991369 0.991369
4927.500488 0.000000 2940.368408 0.000000 0.294760 0.000000 0.955571 0.946032 0.946032 0.946032
4939.906738 0.000000 2932.186279 0.000000 0.992826 0.000000 -0.119566 1.002095 1.002095 1.002095
4936.304199 0.000000 2937.943604 0.000000 0.839467 0.000000 0.543410 0.981355 0.981355 0.981355
4925.053711 0.000000 2944.087891 0.000000 0.862392 0.000000 -0.506241 1.011927 1.011927 1.011927
4927.770996 0.000000 2946.574463 0.000000 0.543780 0.000000 0.839228 0.982596 0.982596 0.982596
4931.567383 0.000000 2944.534912 0.000000 0.455436 0.000000 -0.890269 1.038375 1.038375 1.038375
4935.482422 0.000000 2944.619141 0.000000 0.191388 0.000000 -0.981515 1.037849 1.037849 1.037849
4927.930176 0.000000 2943.431152 0.000000 0.664407 0.000000 -0.747371 1.029503 1.029503 1.029503
"}
object={
	name="reeds_01_generator_1_1"
	clamp_to_water_level=no
	render_under_water=no
	generated_content=yes
	layer="grass_layer"
	pdxmesh="reeds_07_grass_mesh"
	count=67
	transform="1306.065186 0.000000 1571.632690 0.000000 0.954930 0.000000 -0.296831 1.066210 1.066210 1.066210
3490.790527 0.000000 150.984589 0.000000 0.999717 0.000000 -0.023781 1.001484 1.001484 1.001484
3488.374023 0.000000 154.643433 0.000000 0.914738 0.000000 0.404047 0.974040 0.974040 0.974040
3866.500732 0.000000 2857.117920 0.000000 0.594809 0.000000 0.803867 0.918408 0.918408 0.918408
4199.813477 0.000000 3005.221924 0.000000 0.026705 0.000000 -0.999643 1.011565 1.011565 1.011565
4196.825684 0.000000 3004.710938 0.000000 0.158896 0.000000 -0.987295 1.035232 1.035232 1.035232
4218.761719 0.000000 3033.858643 0.000000 0.176655 0.000000 -0.984273 1.034782 1.034782 1.034782
4220.762207 0.000000 3043.417480 0.000000 0.987473 0.000000 -0.157791 1.001582 1.001582 1.001582
4196.918945 0.000000 3013.009766 0.000000 0.904927 0.000000 -0.425568 1.005487 1.005487 1.005487
4211.943848 0.000000 3032.368164 0.000000 0.964174 0.000000 0.265269 0.992627 0.992627 0.992627
4217.795410 0.000000 3039.254639 0.000000 0.999991 0.000000 0.004240 0.999831 0.999831 0.999831
4221.506348 0.000000 3017.533447 0.000000 0.067085 0.000000 0.997747 0.958706 0.958706 0.958706
4221.273438 0.000000 3023.731689 0.000000 0.458593 0.000000 0.888647 0.956285 0.956285 0.956285
4210.546387 0.000000 3025.995117 0.000000 0.042699 0.000000 0.999088 0.969481 0.969481 0.969481
4209.191406 0.000000 3035.649170 0.000000 0.700579 0.000000 0.713575 0.968260 0.968260 0.968260
4215.017578 0.000000 3039.671143 0.000000 0.026964 0.000000 -0.999636 1.057814 1.057814 1.057814
4223.471680 0.000000 3029.135010 0.000000 0.310851 0.000000 0.950459 0.956146 0.956146 0.956146
4204.850098 0.000000 3030.535645 0.000000 0.445260 0.000000 0.895402 0.961227 0.961227 0.961227
4220.019531 0.000000 3025.907227 0.000000 0.852066 0.000000 -0.523434 1.023380 1.023380 1.023380
4234.865723 0.000000 3008.052490 0.000000 0.855783 0.000000 0.517335 0.983711 0.983711 0.983711
4224.198242 0.000000 3041.431396 0.000000 0.702090 0.000000 0.712089 0.974280 0.974280 0.974280
4269.622070 0.000000 3037.552002 0.000000 0.426135 0.000000 -0.904659 1.014113 1.014113 1.014113
4232.285645 0.000000 3027.593750 0.000000 0.956245 0.000000 -0.292568 1.005930 1.005930 1.005930
4244.986816 0.000000 3033.529785 0.000000 0.866938 0.000000 0.498415 0.984369 0.984369 0.984369
4226.246582 0.000000 3036.807861 0.000000 0.311183 0.000000 0.950350 0.962421 0.962421 0.962421
4249.673828 0.000000 3035.104980 0.000000 0.992774 0.000000 0.120002 0.996396 0.996396 0.996396
4264.643066 0.000000 3037.420410 0.000000 0.446463 0.000000 -0.894802 1.030428 1.030428 1.030428
4273.385742 0.000000 3039.951660 0.000000 0.906337 0.000000 -0.422556 1.011981 1.011981 1.011981
4241.858887 0.000000 3020.573730 0.000000 0.660389 0.000000 -0.750924 1.023328 1.023328 1.023328
4243.032715 0.000000 3041.392822 0.000000 0.753612 0.000000 -0.657319 1.017907 1.017907 1.017907
4239.526367 0.000000 3014.821533 0.000000 0.336153 0.000000 0.941807 0.960146 0.960146 0.960146
4223.559082 0.000000 3038.341064 0.000000 0.460096 0.000000 0.887869 0.953625 0.953625 0.953625
4237.891602 0.000000 3008.833740 0.000000 0.683051 0.000000 0.730371 0.981601 0.981601 0.981601
4246.472168 0.000000 3027.303223 0.000000 0.967906 0.000000 0.251311 0.992390 0.992390 0.992390
4256.076172 0.000000 3031.146240 0.000000 0.847652 0.000000 0.530552 0.986038 0.986038 0.986038
4229.413574 0.000000 3038.002686 0.000000 0.953027 0.000000 -0.302884 1.012292 1.012292 1.012292
4233.283691 0.000000 3038.679688 0.000000 0.859419 0.000000 0.511272 0.982583 0.982583 0.982583
4391.315918 0.000000 3046.704834 0.000000 0.923012 0.000000 0.384770 0.996056 0.996056 0.996056
4404.988281 0.000000 3037.488525 0.000000 0.851772 0.000000 -0.523913 1.011014 1.011014 1.011014
4396.889648 0.000000 3033.135742 0.000000 0.957796 0.000000 -0.287448 1.009463 1.009463 1.009463
4404.384766 0.000000 3041.078613 0.000000 0.971310 0.000000 0.237817 0.990409 0.990409 0.990409
4413.055664 0.000000 3040.347900 0.000000 0.952464 0.000000 -0.304650 1.007729 1.007729 1.007729
4402.127441 0.000000 3042.088379 0.000000 0.903111 0.000000 -0.429407 1.018837 1.018837 1.018837
4463.739258 0.000000 3029.208984 0.000000 0.989850 0.000000 -0.142118 1.000356 1.000356 1.000356
5110.436035 0.000000 2688.095947 0.000000 0.765103 0.000000 -0.643908 1.010479 1.010479 1.010479
5098.368164 0.000000 2695.290283 0.000000 0.463456 0.000000 0.886120 0.964659 0.964659 0.964659
5102.932617 0.000000 2688.771973 0.000000 0.310333 0.000000 -0.950628 1.025070 1.025070 1.025070
5110.078613 0.000000 2698.607666 0.000000 0.046428 0.000000 0.998922 0.946721 0.946721 0.946721
5106.437012 0.000000 2706.073242 0.000000 0.919515 0.000000 0.393055 0.993949 0.993949 0.993949
5106.602051 0.000000 2690.792969 0.000000 0.999997 0.000000 0.002517 0.999925 0.999925 0.999925
5100.906250 0.000000 2692.269775 0.000000 0.208331 0.000000 0.978058 0.955831 0.955831 0.955831
5106.391602 0.000000 2697.515625 0.000000 0.758125 0.000000 -0.652110 1.039016 1.039016 1.039016
5110.141602 0.000000 2735.868652 0.000000 0.479397 0.000000 0.877598 0.967919 0.967919 0.967919
5102.853027 0.000000 2699.118652 0.000000 0.447473 0.000000 -0.894297 1.055266 1.055266 1.055266
5106.155762 0.000000 2726.543945 0.000000 0.141515 0.000000 -0.989936 1.053506 1.053506 1.053506
4927.038086 0.000000 2937.815430 0.000000 0.284070 0.000000 -0.958804 1.054442 1.054442 1.054442
4940.826172 0.000000 2935.744873 0.000000 0.660815 0.000000 -0.750549 1.008477 1.008477 1.008477
4932.976074 0.000000 2943.234619 0.000000 0.670527 0.000000 0.741885 0.964524 0.964524 0.964524
4934.651367 0.000000 2940.593506 0.000000 0.436184 0.000000 -0.899858 1.047511 1.047511 1.047511
4929.348145 0.000000 2938.457520 0.000000 0.019682 0.000000 -0.999806 1.085193 1.085193 1.085193
4931.244141 0.000000 2935.178955 0.000000 0.161448 0.000000 -0.986881 1.066818 1.066818 1.066818
4929.154785 0.000000 2942.358154 0.000000 0.564663 0.000000 0.825322 0.961223 0.961223 0.961223
4932.732422 0.000000 2939.824707 0.000000 0.999781 0.000000 -0.020923 1.001149 1.001149 1.001149
4934.186523 0.000000 2947.968750 0.000000 0.076637 0.000000 0.997059 0.970160 0.970160 0.970160
5121.350586 0.000000 2730.355225 0.000000 0.692210 0.000000 0.721696 0.985910 0.985910 0.985910
5119.409180 0.000000 2726.145020 0.000000 0.314034 0.000000 0.949412 0.962511 0.962511 0.962511
5119.582520 0.000000 2733.779053 0.000000 0.958617 0.000000 -0.284698 1.006487 1.006487 1.006487
"}
object={
	name="reeds_01_generator_1_2"
	clamp_to_water_level=no
	render_under_water=no
	generated_content=yes
	layer="grass_layer"
	pdxmesh="reeds_01_tall_grass_mesh"
	count=162
	transform="1306.160400 0.000000 1570.601685 0.000000 0.897124 0.000000 -0.441778 1.100528 1.100528 1.100528
1307.161255 0.000000 1570.458252 0.000000 0.728838 0.000000 -0.684686 1.165689 1.165689 1.165689
3489.367188 0.000000 148.880707 0.000000 0.600022 0.000000 -0.799983 1.023150 1.023150 1.023150
3488.169678 0.000000 151.849289 0.000000 0.714470 0.000000 0.699666 0.945830 0.945830 0.945830
3513.994141 0.000000 169.854767 0.000000 0.997586 0.000000 0.069447 0.996009 0.996009 0.996009
3515.304443 0.000000 174.158768 0.000000 0.944397 0.000000 -0.328807 1.016729 1.016729 1.016729
902.969299 0.000000 2805.596924 0.000000 0.802154 0.000000 0.597117 0.918525 0.918525 0.918525
3424.530762 0.000000 2597.292725 0.000000 0.978257 0.000000 -0.207394 1.007302 1.007302 1.007302
3519.779053 0.000000 2664.633057 0.000000 0.996096 0.000000 -0.088275 1.004634 1.004634 1.004634
3519.678711 0.000000 2667.353027 0.000000 0.746788 0.000000 0.665062 0.956406 0.956406 0.956406
4193.743164 0.000000 3004.434326 0.000000 0.585396 0.000000 0.810747 0.978757 0.978757 0.978757
4202.477539 0.000000 3015.212158 0.000000 0.977083 0.000000 0.212861 0.994109 0.994109 0.994109
4217.902832 0.000000 3020.791016 0.000000 0.248466 0.000000 -0.968641 1.042831 1.042831 1.042831
4209.250977 0.000000 3020.747314 0.000000 0.708140 0.000000 -0.706072 1.011743 1.011743 1.011743
4201.033691 0.000000 3023.677734 0.000000 0.994808 0.000000 -0.101766 1.003054 1.003054 1.003054
4195.014648 0.000000 3018.410400 0.000000 0.103771 0.000000 0.994601 0.959718 0.959718 0.959718
4214.863770 0.000000 3027.791992 0.000000 0.937469 0.000000 0.348070 0.989349 0.989349 0.989349
4219.156738 0.000000 3013.643066 0.000000 0.944042 0.000000 -0.329825 1.005874 1.005874 1.005874
4213.011719 0.000000 3037.488525 0.000000 0.745155 0.000000 -0.666892 1.030983 1.030983 1.030983
4200.927246 0.000000 3009.336914 0.000000 0.611825 0.000000 -0.790993 1.011390 1.011390 1.011390
4221.139648 0.000000 3008.072266 0.000000 0.692464 0.000000 -0.721453 1.008048 1.008048 1.008048
4206.064941 0.000000 3024.596436 0.000000 0.490715 0.000000 -0.871320 1.013205 1.013205 1.013205
4199.727051 0.000000 3019.300537 0.000000 0.971647 0.000000 0.236435 0.995829 0.995829 0.995829
4214.187988 0.000000 3018.529541 0.000000 0.096642 0.000000 0.995319 0.963201 0.963201 0.963201
4217.595215 0.000000 3025.057129 0.000000 0.611061 0.000000 0.791584 0.970356 0.970356 0.970356
4217.849609 0.000000 3030.206299 0.000000 0.945881 0.000000 0.324515 0.990924 0.990924 0.990924
4215.109863 0.000000 3034.424316 0.000000 0.132743 0.000000 -0.991151 1.046659 1.046659 1.046659
4222.678223 0.000000 3014.168457 0.000000 0.998660 0.000000 -0.051748 1.001163 1.001163 1.001163
4198.366211 0.000000 3016.125977 0.000000 0.714795 0.000000 0.699334 0.976798 0.976798 0.976798
4200.160645 0.000000 3012.554932 0.000000 0.945740 0.000000 -0.324924 1.009914 1.009914 1.009914
4197.666016 0.000000 3009.779541 0.000000 0.113823 0.000000 -0.993501 1.043641 1.043641 1.043641
4211.705078 0.000000 3028.994873 0.000000 0.486667 0.000000 0.873588 0.978779 0.978779 0.978779
4203.201660 0.000000 3025.942627 0.000000 0.881491 0.000000 -0.472200 1.012278 1.012278 1.012278
4197.081543 0.000000 3020.998047 0.000000 0.930737 0.000000 0.365690 0.989719 0.989719 0.989719
4214.722656 0.000000 3031.046875 0.000000 0.487286 0.000000 -0.873242 1.026509 1.026509 1.026509
4217.215332 0.000000 3036.438965 0.000000 0.945618 0.000000 0.325280 0.985939 0.985939 0.985939
4205.338379 0.000000 3027.824219 0.000000 0.727576 0.000000 -0.686027 1.024536 1.024536 1.024536
4211.692871 0.000000 3034.962891 0.000000 0.238701 0.000000 0.971093 0.943563 0.943563 0.943563
4206.589355 0.000000 3035.088135 0.000000 0.631314 0.000000 0.775528 0.971194 0.971194 0.971194
4210.588867 0.000000 3037.805176 0.000000 0.807895 0.000000 -0.589326 1.023601 1.023601 1.023601
4222.373047 0.000000 3025.858154 0.000000 0.141657 0.000000 -0.989916 1.060634 1.060634 1.060634
4224.986328 0.000000 3023.122070 0.000000 0.939556 0.000000 -0.342394 1.012214 1.012214 1.012214
4246.458008 0.000000 3038.697510 0.000000 0.832212 0.000000 0.554457 0.982393 0.982393 0.982393
4231.651367 0.000000 3036.590088 0.000000 0.806598 0.000000 0.591100 0.979475 0.979475 0.979475
4257.273438 0.000000 3028.177490 0.000000 0.464776 0.000000 0.885428 0.991856 0.991856 0.991856
4260.832520 0.000000 3040.395996 0.000000 0.937396 0.000000 -0.348265 1.000888 1.000888 1.000888
4223.856934 0.000000 3010.558838 0.000000 0.609657 0.000000 -0.792665 1.011424 1.011424 1.011424
4223.714844 0.000000 3032.144287 0.000000 0.975183 0.000000 0.221401 0.993869 0.993869 0.993869
4243.123047 0.000000 3016.289307 0.000000 0.782931 0.000000 -0.622108 1.020115 1.020115 1.020115
4239.689941 0.000000 3033.853271 0.000000 0.619280 0.000000 -0.785170 1.018034 1.018034 1.018034
4254.417969 0.000000 3035.524902 0.000000 0.944337 0.000000 -0.328981 1.005021 1.005021 1.005021
4263.412109 0.000000 3032.849365 0.000000 0.874006 0.000000 -0.485915 1.003800 1.003800 1.003800
4225.801758 0.000000 3016.727539 0.000000 0.973387 0.000000 0.229170 0.994227 0.994227 0.994227
4239.067383 0.000000 3040.214600 0.000000 0.126944 0.000000 -0.991910 1.043245 1.043245 1.043245
4235.342285 0.000000 3022.694336 0.000000 0.937676 0.000000 0.347511 0.994684 0.994684 0.994684
4234.656250 0.000000 3032.336670 0.000000 0.977939 0.000000 -0.208893 1.006305 1.006305 1.006305
4231.650879 0.000000 3041.448975 0.000000 0.999463 0.000000 -0.032767 1.001064 1.001064 1.001064
4237.082520 0.000000 3028.049072 0.000000 0.975801 0.000000 -0.218663 1.002201 1.002201 1.002201
4258.579102 0.000000 3032.874756 0.000000 0.735615 0.000000 -0.677400 1.018580 1.018580 1.018580
4253.054199 0.000000 3030.898926 0.000000 0.981412 0.000000 -0.191911 1.005785 1.005785 1.005785
4248.769531 0.000000 3025.218018 0.000000 0.487387 0.000000 -0.873186 1.031807 1.031807 1.031807
4227.900879 0.000000 3040.282715 0.000000 0.376212 0.000000 -0.926534 1.041421 1.041421 1.041421
4244.264648 0.000000 3025.109131 0.000000 0.938660 0.000000 0.344844 0.989452 0.989452 0.989452
4223.604980 0.000000 3019.753174 0.000000 0.597633 0.000000 0.801770 0.969809 0.969809 0.969809
4235.267578 0.000000 3040.433105 0.000000 0.749237 0.000000 0.662302 0.978313 0.978313 0.978313
4243.848145 0.000000 3010.896240 0.000000 0.735501 0.000000 -0.677524 1.022301 1.022301 1.022301
4226.829590 0.000000 3020.328369 0.000000 0.951645 0.000000 -0.307199 1.009354 1.009354 1.009354
4267.849121 0.000000 3040.337891 0.000000 0.255613 0.000000 -0.966779 1.026210 1.026210 1.026210
4232.631348 0.000000 3024.463623 0.000000 0.884769 0.000000 -0.466030 1.009683 1.009683 1.009683
4231.486328 0.000000 3033.387451 0.000000 0.997842 0.000000 0.065656 0.997211 0.997211 0.997211
4228.930664 0.000000 3035.370605 0.000000 0.931810 0.000000 0.362947 0.985163 0.985163 0.985163
4229.540039 0.000000 3028.706055 0.000000 0.861833 0.000000 -0.507193 1.013280 1.013280 1.013280
4223.534180 0.000000 3035.249268 0.000000 0.995971 0.000000 -0.089673 1.002466 1.002466 1.002466
4244.861816 0.000000 3018.891357 0.000000 0.994064 0.000000 -0.108793 1.003266 1.003266 1.003266
4242.321777 0.000000 3032.156494 0.000000 0.339633 0.000000 0.940558 0.966379 0.966379 0.966379
4234.001465 0.000000 3035.102295 0.000000 0.817507 0.000000 0.575919 0.977017 0.977017 0.977017
4251.214844 0.000000 3028.684814 0.000000 0.643508 0.000000 0.765439 0.973884 0.973884 0.973884
4227.717773 0.000000 3023.159668 0.000000 0.807625 0.000000 -0.589697 1.020469 1.020469 1.020469
4236.663574 0.000000 3034.331543 0.000000 0.934789 0.000000 -0.355204 1.011786 1.011786 1.011786
4225.774414 0.000000 3039.192627 0.000000 0.804190 0.000000 0.594373 0.972987 0.972987 0.972987
4403.165527 0.000000 3044.100098 0.000000 0.226258 0.000000 -0.974068 1.043573 1.043573 1.043573
4388.816895 0.000000 3040.395996 0.000000 0.726061 0.000000 -0.687630 1.020822 1.020822 1.020822
4410.738281 0.000000 3033.858643 0.000000 0.801363 0.000000 -0.598179 1.001601 1.001601 1.001601
4397.606445 0.000000 3037.552002 0.000000 0.974241 0.000000 -0.225509 1.005111 1.005111 1.005111
4391.396484 0.000000 3032.849365 0.000000 0.537455 0.000000 0.843293 0.972445 0.972445 0.972445
4412.738770 0.000000 3043.417480 0.000000 0.635637 0.000000 -0.771988 1.019817 1.019817 1.019817
4396.684570 0.000000 3043.655273 0.000000 0.795719 0.000000 -0.605667 1.022740 1.022740 1.022740
4403.920410 0.000000 3032.368164 0.000000 0.970063 0.000000 0.242854 0.998163 0.998163 0.998163
4394.676270 0.000000 3029.045410 0.000000 0.934875 0.000000 -0.354977 1.012684 1.012684 1.012684
4409.771973 0.000000 3039.254639 0.000000 0.945202 0.000000 0.326485 0.988376 0.988376 0.988376
4398.041504 0.000000 3024.596436 0.000000 0.970571 0.000000 -0.240813 1.003643 1.003643 1.003643
4386.563477 0.000000 3032.874756 0.000000 0.924338 0.000000 -0.381575 1.004887 1.004887 1.004887
4392.627441 0.000000 3037.420410 0.000000 0.997565 0.000000 -0.069749 1.002614 1.002614 1.002614
4403.339355 0.000000 3048.972168 0.000000 0.249780 0.000000 -0.968303 1.016456 1.016456 1.016456
4401.370117 0.000000 3039.951660 0.000000 0.353269 0.000000 -0.935522 1.033222 1.033222 1.033222
4413.484375 0.000000 3037.166992 0.000000 0.601595 0.000000 0.798802 0.983830 0.983830 0.983830
4384.555176 0.000000 3039.524902 0.000000 0.896929 0.000000 0.442175 0.994283 0.994283 0.994283
4392.882324 0.000000 3041.698730 0.000000 0.702076 0.000000 0.712102 0.966366 0.966366 0.966366
4399.642578 0.000000 3046.714355 0.000000 0.984206 0.000000 0.177027 0.996446 0.996446 0.996446
4407.246094 0.000000 3042.556885 0.000000 0.800526 0.000000 0.599297 0.975935 0.975935 0.975935
4395.270508 0.000000 3047.344238 0.000000 0.102966 0.000000 -0.994685 1.025648 1.025648 1.025648
4399.990234 0.000000 3043.105957 0.000000 0.499984 0.000000 0.866035 0.958169 0.958169 0.958169
4395.833496 0.000000 3040.337891 0.000000 0.998500 0.000000 0.054755 0.998085 0.998085 0.998085
4394.045898 0.000000 3034.701904 0.000000 0.109536 0.000000 -0.993983 1.054713 1.054713 1.054713
4397.314941 0.000000 3027.824219 0.000000 0.791545 0.000000 0.611111 0.975379 0.975379 0.975379
4406.994141 0.000000 3039.671143 0.000000 0.497647 0.000000 0.867380 0.965925 0.965925 0.965925
4394.375488 0.000000 3031.882568 0.000000 0.947488 0.000000 0.319793 0.986998 0.986998 0.986998
4398.662109 0.000000 3040.382813 0.000000 0.624848 0.000000 0.780747 0.966452 0.966452 0.966452
4396.826660 0.000000 3030.535645 0.000000 0.481172 0.000000 0.876626 0.959975 0.959975 0.959975
4390.265625 0.000000 3038.340576 0.000000 0.121740 0.000000 0.992562 0.942130 0.942130 0.942130
5112.022949 0.000000 2739.697998 0.000000 0.817620 0.000000 -0.575758 1.006127 1.006127 1.006127
5107.079590 0.000000 2724.178223 0.000000 0.605179 0.000000 -0.796089 1.029885 1.029885 1.029885
5115.840332 0.000000 2731.153320 0.000000 0.873601 0.000000 -0.486642 1.022839 1.022839 1.022839
5105.141602 0.000000 2700.825439 0.000000 0.228971 0.000000 0.973433 0.936449 0.936449 0.936449
5108.056152 0.000000 2733.663086 0.000000 0.077004 0.000000 0.997031 0.947792 0.947792 0.947792
5110.754395 0.000000 2707.870117 0.000000 0.884700 0.000000 -0.466161 1.004843 1.004843 1.004843
5115.047363 0.000000 2693.721191 0.000000 0.997346 0.000000 0.072814 0.999272 0.999272 0.999272
5108.267090 0.000000 2694.646973 0.000000 0.400109 0.000000 0.916468 0.950804 0.950804 0.950804
5108.902344 0.000000 2717.566650 0.000000 0.205110 0.000000 0.978739 0.989782 0.989782 0.989782
5112.076660 0.000000 2726.939941 0.000000 0.999193 0.000000 -0.040169 1.002307 1.002307 1.002307
5113.686035 0.000000 2719.332764 0.000000 0.691584 0.000000 0.722296 0.983880 0.983880 0.983880
5100.016113 0.000000 2700.002197 0.000000 0.606697 0.000000 0.794933 0.965589 0.965589 0.965589
5113.052246 0.000000 2735.038574 0.000000 0.263967 0.000000 0.964532 0.960944 0.960944 0.960944
5107.253418 0.000000 2729.050293 0.000000 0.619641 0.000000 -0.784885 1.033797 1.033797 1.033797
5095.617676 0.000000 2699.378662 0.000000 0.229955 0.000000 0.973201 0.983289 0.983289 0.983289
5105.284180 0.000000 2720.029785 0.000000 0.362533 0.000000 -0.931971 1.017972 1.017972 1.017972
5111.160156 0.000000 2722.635010 0.000000 0.090931 0.000000 -0.995857 1.055414 1.055414 1.055414
5117.692871 0.000000 2727.489014 0.000000 0.887444 0.000000 0.460916 0.980865 0.980865 0.980865
5111.287598 0.000000 2691.897949 0.000000 0.493179 0.000000 -0.869928 1.023706 1.023706 1.023706
5104.811523 0.000000 2731.849365 0.000000 0.619084 0.000000 -0.785325 1.022549 1.022549 1.022549
5111.890137 0.000000 2695.537109 0.000000 0.865002 0.000000 -0.501769 1.017060 1.017060 1.017060
5108.298828 0.000000 2721.156738 0.000000 0.898492 0.000000 0.438991 0.988654 0.988654 0.988654
5116.274414 0.000000 2735.667480 0.000000 0.816008 0.000000 0.578040 0.986152 0.986152 0.986152
5109.017090 0.000000 2726.596436 0.000000 0.714856 0.000000 -0.699272 1.036732 1.036732 1.036732
5114.823242 0.000000 2725.964355 0.000000 0.372321 0.000000 0.928104 0.949525 0.949525 0.949525
5100.518555 0.000000 2697.205322 0.000000 0.139667 0.000000 -0.990198 1.064291 1.064291 1.064291
5104.988770 0.000000 2703.641357 0.000000 0.999073 0.000000 0.043042 0.998388 0.998388 0.998388
5114.004395 0.000000 2722.537354 0.000000 0.125708 0.000000 -0.992067 1.050497 1.050497 1.050497
5102.471680 0.000000 2701.978516 0.000000 0.788846 0.000000 0.614591 0.970257 0.970257 0.970257
5109.973145 0.000000 2729.103760 0.000000 0.356778 0.000000 0.934189 0.942795 0.942795 0.942795
5108.626465 0.000000 2731.197021 0.000000 0.981818 0.000000 -0.189824 1.008106 1.008106 1.008106
5110.526855 0.000000 2733.371582 0.000000 0.814608 0.000000 -0.580012 1.024716 1.024716 1.024716
5112.525391 0.000000 2724.605225 0.000000 0.258221 0.000000 0.966086 0.937879 0.937879 0.937879
5109.371094 0.000000 2724.348389 0.000000 0.901000 0.000000 -0.433820 1.019045 1.019045 1.019045
5109.715820 0.000000 2696.365967 0.000000 0.733774 0.000000 -0.679393 1.033566 1.033566 1.033566
5104.487305 0.000000 2697.981689 0.000000 0.828923 0.000000 -0.559362 1.035568 1.035568 1.035568
4923.957031 0.000000 2940.017578 0.000000 0.119315 0.000000 0.992857 0.967393 0.967393 0.967393
4926.765137 0.000000 2935.366699 0.000000 0.698671 0.000000 -0.715444 1.029856 1.029856 1.029856
4922.590332 0.000000 2934.858154 0.000000 0.741883 0.000000 0.670529 0.985322 0.985322 0.985322
4926.360840 0.000000 2941.951904 0.000000 0.498750 0.000000 -0.866746 1.044506 1.044506 1.044506
4924.628906 0.000000 2937.085938 0.000000 0.704601 0.000000 -0.709604 1.025605 1.025605 1.025605
4927.899414 0.000000 2930.413574 0.000000 0.982970 0.000000 0.183767 0.995847 0.995847 0.995847
4937.760254 0.000000 2940.994873 0.000000 0.742345 0.000000 0.670017 0.976170 0.976170 0.976170
4932.310059 0.000000 2932.717773 0.000000 0.930710 0.000000 -0.365759 1.013088 1.013088 1.013088
4928.698242 0.000000 2935.842773 0.000000 0.828604 0.000000 -0.559836 1.026702 1.026702 1.026702
4936.659180 0.000000 2934.123535 0.000000 0.635306 0.000000 0.772260 0.973565 0.973565 0.973565
4930.883789 0.000000 2940.598389 0.000000 0.999050 0.000000 0.043574 0.997715 0.997715 0.997715
4929.032715 0.000000 2933.016602 0.000000 0.138590 0.000000 -0.990350 1.050042 1.050042 1.050042
4933.924316 0.000000 2935.177002 0.000000 0.971598 0.000000 0.236636 0.989264 0.989264 0.989264
4931.027344 0.000000 2937.216553 0.000000 0.969896 0.000000 -0.243520 1.014125 1.014125 1.014125
4938.779785 0.000000 2944.068115 0.000000 0.014642 0.000000 -0.999893 1.023310 1.023310 1.023310
5120.088867 0.000000 2721.509521 0.000000 0.997666 0.000000 0.068278 0.999488 0.999488 0.999488
"}
