object={
	name="steppe_bush_01_generator_0"
	clamp_to_water_level=no
	render_under_water=no
	generated_content=yes
	layer="grass_layer"
	pdxmesh="steppe_bush_01_mesh"
	count=59
	transform="3553.821289 0.000000 1916.699951 0.000000 0.048972 0.000000 0.998800 0.193210 0.193210 0.193210
3560.929199 0.000000 1899.070557 0.000000 0.995898 0.000000 0.090487 0.483373 0.483373 0.483373
3548.280518 0.000000 1914.243774 0.000000 0.840621 0.000000 0.541624 0.406047 0.406047 0.406047
3551.773682 0.000000 1919.296143 0.000000 0.807175 0.000000 0.590312 0.369550 0.369550 0.369550
3550.430664 0.000000 1916.516724 0.000000 0.272030 0.000000 -0.962289 0.900987 0.900987 0.900987
3552.709961 0.000000 1913.952759 0.000000 0.999667 0.000000 0.025823 0.494213 0.494213 0.494213
3559.879150 0.000000 1901.659790 0.000000 0.832941 0.000000 -0.553362 0.639077 0.639077 0.639077
3555.548340 0.000000 1914.743896 0.000000 0.935735 0.000000 -0.352704 0.569518 0.569518 0.569518
3558.498779 0.000000 1899.730225 0.000000 0.999986 0.000000 -0.005259 0.501569 0.501569 0.501569
3559.059326 0.000000 1897.331787 0.000000 0.410102 0.000000 -0.912039 0.714996 0.714996 0.714996
3554.478516 0.000000 1913.177002 0.000000 0.984678 0.000000 -0.174382 0.553933 0.553933 0.553933
3556.438965 0.000000 1899.667358 0.000000 0.816552 0.000000 -0.577271 0.624827 0.624827 0.624827
3552.106934 0.000000 1915.632080 0.000000 0.999574 0.000000 -0.029195 0.508711 0.508711 0.508711
3553.309326 0.000000 1918.438843 0.000000 0.611837 0.000000 0.790984 0.238043 0.238043 0.238043
3548.624268 0.000000 1916.163818 0.000000 0.066535 0.000000 -0.997784 0.808877 0.808877 0.808877
3551.923828 0.000000 1917.445679 0.000000 0.677999 0.000000 -0.735063 0.755632 0.755632 0.755632
3561.848633 0.000000 1901.749146 0.000000 0.620209 0.000000 0.784437 0.283870 0.283870 0.283870
3553.926270 0.000000 1914.967651 0.000000 0.926156 0.000000 0.377140 0.384631 0.384631 0.384631
3558.337891 0.000000 1901.984009 0.000000 0.898677 0.000000 0.438611 0.392311 0.392311 0.392311
3560.874756 0.000000 1900.538452 0.000000 0.973855 0.000000 -0.227172 0.554925 0.554925 0.554925
3573.415283 0.000000 1905.278564 0.000000 0.199842 0.000000 -0.979828 0.825686 0.825686 0.825686
3559.579102 0.000000 1898.682617 0.000000 0.257640 0.000000 0.966241 0.109113 0.109113 0.109113
3571.143311 0.000000 1905.087036 0.000000 0.479469 0.000000 0.877559 0.226668 0.226668 0.226668
3558.199219 0.000000 1898.395752 0.000000 0.290837 0.000000 -0.956773 0.880588 0.880588 0.880588
3550.952881 0.000000 1918.269043 0.000000 0.998075 0.000000 -0.062024 0.512822 0.512822 0.512822
3559.704346 0.000000 1900.101074 0.000000 0.996206 0.000000 0.087023 0.479334 0.479334 0.479334
3553.352539 0.000000 1912.924683 0.000000 0.201844 0.000000 0.979418 0.193578 0.193578 0.193578
3559.004883 0.000000 1900.992798 0.000000 0.960409 0.000000 -0.278594 0.566961 0.566961 0.566961
3552.705322 0.000000 1916.669189 0.000000 0.998738 0.000000 0.050215 0.489873 0.489873 0.489873
3557.463135 0.000000 1899.216187 0.000000 0.094403 0.000000 -0.995534 0.799450 0.799450 0.799450
3549.423340 0.000000 1916.959229 0.000000 0.237726 0.000000 0.971332 0.226738 0.226738 0.226738
3555.008057 0.000000 1912.213867 0.000000 0.810679 0.000000 0.585491 0.307538 0.307538 0.307538
3553.167480 0.000000 1915.687256 0.000000 0.152770 0.000000 -0.988262 0.922871 0.922871 0.922871
3570.143799 0.000000 1904.784424 0.000000 0.301627 0.000000 0.953426 0.177235 0.177235 0.177235
3551.485352 0.000000 1916.457642 0.000000 0.796667 0.000000 0.604418 0.299077 0.299077 0.299077
3561.840576 0.000000 1900.166748 0.000000 0.655826 0.000000 -0.754912 0.705041 0.705041 0.705041
3552.200684 0.000000 1918.392700 0.000000 0.919968 0.000000 -0.391992 0.615644 0.615644 0.615644
3553.723145 0.000000 1914.024292 0.000000 0.718013 0.000000 0.696029 0.270324 0.270324 0.270324
3552.734619 0.000000 1919.206177 0.000000 0.330321 0.000000 -0.943869 0.854329 0.854329 0.854329
3571.358887 0.000000 1904.094727 0.000000 0.256702 0.000000 0.966491 0.165290 0.165290 0.165290
3555.488525 0.000000 1913.024170 0.000000 0.901821 0.000000 0.432110 0.362510 0.362510 0.362510
3550.477295 0.000000 1917.458740 0.000000 0.947788 0.000000 -0.318902 0.600478 0.600478 0.600478
3552.139648 0.000000 1914.723877 0.000000 0.146155 0.000000 -0.989262 0.924867 0.924867 0.924867
3572.476807 0.000000 1905.147339 0.000000 0.869811 0.000000 0.493384 0.377303 0.377303 0.377303
3561.014404 0.000000 1901.420288 0.000000 0.958114 0.000000 0.286386 0.430388 0.430388 0.430388
3553.012939 0.000000 1914.776489 0.000000 0.525890 0.000000 0.850552 0.196580 0.196580 0.196580
3555.468994 0.000000 1913.883545 0.000000 0.964963 0.000000 -0.262384 0.581692 0.581692 0.581692
3572.874512 0.000000 1905.910156 0.000000 0.619508 0.000000 -0.784990 0.714654 0.714654 0.714654
3558.799561 0.000000 1898.987793 0.000000 0.625989 0.000000 -0.779832 0.766832 0.766832 0.766832
3549.074707 0.000000 1921.254883 0.000000 0.999865 0.000000 -0.016413 0.502653 0.502653 0.502653
3550.386719 0.000000 1919.603760 0.000000 0.537105 0.000000 -0.843516 0.707373 0.707373 0.707373
3551.935791 0.000000 1923.383911 0.000000 0.978319 0.000000 -0.207104 0.565492 0.565492 0.565492
3550.318359 0.000000 1922.529785 0.000000 0.903565 0.000000 0.428451 0.360994 0.360994 0.360994
3548.332031 0.000000 1923.152710 0.000000 0.934971 0.000000 0.354724 0.424181 0.424181 0.424181
3551.726318 0.000000 1919.941650 0.000000 0.222618 0.000000 0.974906 0.221869 0.221869 0.221869
3550.802979 0.000000 1923.563110 0.000000 0.305029 0.000000 -0.952343 0.895826 0.895826 0.895826
3551.484863 0.000000 1922.229858 0.000000 0.792698 0.000000 0.609614 0.294188 0.294188 0.294188
3548.253662 0.000000 1922.061768 0.000000 0.981388 0.000000 0.192037 0.459597 0.459597 0.459597
3549.243652 0.000000 1922.542236 0.000000 0.609325 0.000000 0.792921 0.308563 0.308563 0.308563
"}
