object={
	name="tree_pine_impassable_01_a_generator_1_0"
	clamp_to_water_level=no
	render_under_water=no
	generated_content=yes
	layer="tree_high_layer"
	pdxmesh="tree_pine_impassable_01_a_mesh"
	count=493
	transform="3324.152588 0.000000 1532.361328 0.000000 0.782986 0.000000 0.622040 0.400000 0.400000 0.400000
3325.768799 0.000000 1522.726807 0.000000 0.778320 0.000000 0.627868 0.400000 0.400000 0.400000
3322.785889 0.000000 1527.201904 0.000000 0.374683 0.000000 -0.927153 0.400000 0.400000 0.400000
3321.121338 0.000000 1533.975098 0.000000 0.808215 0.000000 0.588888 0.400000 0.400000 0.400000
3322.156006 0.000000 1530.068726 0.000000 0.716916 0.000000 -0.697159 0.400000 0.400000 0.400000
3324.479980 0.000000 1525.102661 0.000000 0.062765 0.000000 -0.998028 0.400000 0.400000 0.400000
3448.226074 0.000000 1460.010376 0.000000 0.047778 0.000000 0.998858 0.400000 0.400000 0.400000
3414.559326 0.000000 1439.088135 0.000000 0.301406 0.000000 -0.953496 0.400000 0.400000 0.400000
3431.907471 0.000000 1469.596924 0.000000 0.876743 0.000000 0.480960 0.400000 0.400000 0.400000
3408.652344 0.000000 1425.073853 0.000000 0.711004 0.000000 0.703188 0.400000 0.400000 0.400000
3399.752930 0.000000 1436.980713 0.000000 0.275510 0.000000 -0.961298 0.400000 0.400000 0.400000
3437.229248 0.000000 1460.111572 0.000000 0.797434 0.000000 0.603406 0.400000 0.400000 0.400000
3416.601074 0.000000 1429.988403 0.000000 0.685157 0.000000 0.728396 0.400000 0.400000 0.400000
3407.791748 0.000000 1434.243896 0.000000 0.849767 0.000000 -0.527159 0.400000 0.400000 0.400000
3400.387207 0.000000 1427.984375 0.000000 0.018284 0.000000 -0.999833 0.400000 0.400000 0.400000
3411.211182 0.000000 1445.875488 0.000000 0.811322 0.000000 0.584600 0.400000 0.400000 0.400000
3420.090088 0.000000 1470.629517 0.000000 0.719224 0.000000 -0.694778 0.400000 0.400000 0.400000
3399.842773 0.000000 1451.148682 0.000000 0.433337 0.000000 0.901232 0.400000 0.400000 0.400000
3409.667236 0.000000 1460.100464 0.000000 0.844594 0.000000 0.535407 0.400000 0.400000 0.400000
3436.532471 0.000000 1465.877930 0.000000 0.163085 0.000000 -0.986612 0.400000 0.400000 0.400000
3425.836914 0.000000 1468.809326 0.000000 0.125016 0.000000 0.992155 0.400000 0.400000 0.400000
3413.088379 0.000000 1433.920410 0.000000 0.824254 0.000000 0.566221 0.400000 0.400000 0.400000
3396.947021 0.000000 1431.982666 0.000000 0.713547 0.000000 -0.700607 0.400000 0.400000 0.400000
3429.569824 0.000000 1465.081055 0.000000 0.555688 0.000000 0.831391 0.400000 0.400000 0.400000
3405.569580 0.000000 1457.315796 0.000000 0.891168 0.000000 -0.453673 0.400000 0.400000 0.400000
3399.752441 0.000000 1441.839600 0.000000 0.063591 0.000000 0.997976 0.400000 0.400000 0.400000
3405.184082 0.000000 1428.439697 0.000000 0.266323 0.000000 0.963884 0.400000 0.400000 0.400000
3406.954346 0.000000 1448.316162 0.000000 0.896440 0.000000 0.443165 0.400000 0.400000 0.400000
3432.944824 0.000000 1451.179932 0.000000 0.718589 0.000000 0.695435 0.400000 0.400000 0.400000
3410.534912 0.000000 1437.499023 0.000000 0.816610 0.000000 -0.577191 0.400000 0.400000 0.400000
3444.094971 0.000000 1458.201904 0.000000 0.031830 0.000000 0.999493 0.400000 0.400000 0.400000
3433.279053 0.000000 1463.216431 0.000000 0.512397 0.000000 0.858749 0.400000 0.400000 0.400000
3414.594971 0.000000 1448.195557 0.000000 0.834658 0.000000 0.550769 0.400000 0.400000 0.400000
3410.338135 0.000000 1450.014893 0.000000 0.440925 0.000000 0.897544 0.400000 0.400000 0.400000
3396.002686 0.000000 1440.673340 0.000000 0.763953 0.000000 -0.645271 0.400000 0.400000 0.400000
3400.023438 0.000000 1447.581787 0.000000 0.886572 0.000000 0.462590 0.400000 0.400000 0.400000
3433.942871 0.000000 1459.180908 0.000000 0.954027 0.000000 0.299720 0.400000 0.400000 0.400000
3406.741699 0.000000 1422.285645 0.000000 0.498497 0.000000 -0.866891 0.400000 0.400000 0.400000
3413.804199 0.000000 1443.924438 0.000000 0.172388 0.000000 -0.985029 0.400000 0.400000 0.400000
3407.044678 0.000000 1461.774902 0.000000 0.645704 0.000000 0.763587 0.400000 0.400000 0.400000
3399.588135 0.000000 1433.777954 0.000000 0.918186 0.000000 0.396150 0.400000 0.400000 0.400000
3436.972900 0.000000 1454.050171 0.000000 0.994792 0.000000 0.101927 0.400000 0.400000 0.400000
3436.880859 0.000000 1457.094727 0.000000 0.273123 0.000000 -0.961979 0.400000 0.400000 0.400000
3405.613525 0.000000 1451.037598 0.000000 0.267840 0.000000 -0.963463 0.400000 0.400000 0.400000
3397.031982 0.000000 1435.761108 0.000000 0.186065 0.000000 -0.982537 0.400000 0.400000 0.400000
3413.831055 0.000000 1430.858032 0.000000 0.373973 0.000000 0.927439 0.400000 0.400000 0.400000
3415.970947 0.000000 1450.665527 0.000000 0.975453 0.000000 0.220209 0.400000 0.400000 0.400000
3402.803223 0.000000 1429.913696 0.000000 0.999910 0.000000 0.013415 0.400000 0.400000 0.400000
3434.963867 0.000000 1452.609863 0.000000 0.298198 0.000000 0.954504 0.400000 0.400000 0.400000
3389.023438 0.000000 1492.464233 0.000000 0.955644 0.000000 -0.294523 0.400000 0.400000 0.400000
3327.695801 0.000000 1532.712280 0.000000 0.189719 0.000000 -0.981838 0.400000 0.400000 0.400000
3391.573242 0.000000 1493.509888 0.000000 0.998513 0.000000 -0.054512 0.400000 0.400000 0.400000
3431.907471 0.000000 1533.581299 0.000000 0.390401 0.000000 -0.920645 0.400000 0.400000 0.400000
3427.081787 0.000000 1472.203125 0.000000 0.678556 0.000000 -0.734549 0.400000 0.400000 0.400000
3400.387207 0.000000 1491.968750 0.000000 0.728267 0.000000 -0.685293 0.400000 0.400000 0.400000
3421.090332 0.000000 1473.364258 0.000000 0.881290 0.000000 -0.472576 0.400000 0.400000 0.400000
3403.443604 0.000000 1487.069214 0.000000 0.906828 0.000000 0.421502 0.400000 0.400000 0.400000
3406.325439 0.000000 1482.805664 0.000000 0.330879 0.000000 0.943673 0.400000 0.400000 0.400000
3429.569824 0.000000 1529.065430 0.000000 0.990770 0.000000 0.135556 0.400000 0.400000 0.400000
3393.930664 0.000000 1492.218994 0.000000 0.402719 0.000000 -0.915324 0.400000 0.400000 0.400000
3415.875244 0.000000 1481.564209 0.000000 0.967602 0.000000 -0.252480 0.400000 0.400000 0.400000
3414.069092 0.000000 1534.348022 0.000000 0.447994 0.000000 0.894037 0.400000 0.400000 0.400000
3426.493408 0.000000 1527.337524 0.000000 0.939391 0.000000 -0.342849 0.400000 0.400000 0.400000
3400.733154 0.000000 1488.838745 0.000000 0.996624 0.000000 0.082104 0.400000 0.400000 0.400000
3424.161377 0.000000 1473.446167 0.000000 0.672161 0.000000 -0.740405 0.400000 0.400000 0.400000
3397.641357 0.000000 1493.081055 0.000000 0.533447 0.000000 -0.845834 0.400000 0.400000 0.400000
3400.193359 0.000000 1494.948975 0.000000 0.711473 0.000000 0.702713 0.400000 0.400000 0.400000
3413.914062 0.000000 1479.564331 0.000000 0.932407 0.000000 0.361410 0.400000 0.400000 0.400000
3417.397949 0.000000 1534.740601 0.000000 0.869287 0.000000 0.494308 0.400000 0.400000 0.400000
3476.544189 0.000000 1466.702515 0.000000 0.968168 0.000000 -0.250302 0.400000 0.400000 0.400000
3510.631348 0.000000 1408.408447 0.000000 0.942384 0.000000 -0.334532 0.400000 0.400000 0.400000
3492.782715 0.000000 1453.573853 0.000000 0.997403 0.000000 -0.072024 0.400000 0.400000 0.400000
3513.988770 0.000000 1421.181763 0.000000 0.795118 0.000000 0.606455 0.400000 0.400000 0.400000
3492.926025 0.000000 1440.786621 0.000000 0.957104 0.000000 -0.289744 0.400000 0.400000 0.400000
3482.547607 0.000000 1449.461792 0.000000 0.705107 0.000000 -0.709101 0.400000 0.400000 0.400000
3486.892822 0.000000 1463.590088 0.000000 0.696807 0.000000 -0.717259 0.400000 0.400000 0.400000
3479.249023 0.000000 1458.071777 0.000000 0.182834 0.000000 -0.983144 0.400000 0.400000 0.400000
3505.336914 0.000000 1421.137939 0.000000 0.055257 0.000000 0.998472 0.400000 0.400000 0.400000
3495.505859 0.000000 1433.239990 0.000000 0.961906 0.000000 -0.273381 0.400000 0.400000 0.400000
3486.293945 0.000000 1443.464966 0.000000 0.293391 0.000000 -0.955993 0.400000 0.400000 0.400000
3515.242432 0.000000 1414.033813 0.000000 0.054707 0.000000 0.998502 0.400000 0.400000 0.400000
3486.276855 0.000000 1456.323364 0.000000 0.016671 0.000000 0.999861 0.400000 0.400000 0.400000
3508.462158 0.000000 1414.959473 0.000000 0.290177 0.000000 0.956973 0.400000 0.400000 0.400000
3517.007812 0.000000 1428.479858 0.000000 0.259362 0.000000 -0.965780 0.400000 0.400000 0.400000
3489.245605 0.000000 1448.524780 0.000000 0.253765 0.000000 -0.967266 0.400000 0.400000 0.400000
3481.282471 0.000000 1463.448120 0.000000 0.397658 0.000000 -0.917534 0.400000 0.400000 0.400000
3477.642822 0.000000 1452.279053 0.000000 0.899777 0.000000 0.436350 0.400000 0.400000 0.400000
3502.150879 0.000000 1424.987061 0.000000 0.116547 0.000000 0.993185 0.400000 0.400000 0.400000
3509.690674 0.000000 1423.437256 0.000000 0.942972 0.000000 -0.332873 0.400000 0.400000 0.400000
3496.736816 0.000000 1437.810913 0.000000 0.976323 0.000000 -0.216319 0.400000 0.400000 0.400000
3517.592285 0.000000 1417.924072 0.000000 0.898024 0.000000 -0.439947 0.400000 0.400000 0.400000
3481.831299 0.000000 1454.041626 0.000000 0.706642 0.000000 -0.707571 0.400000 0.400000 0.400000
3486.304443 0.000000 1451.850342 0.000000 0.160539 0.000000 -0.987030 0.400000 0.400000 0.400000
3517.359375 0.000000 1424.122314 0.000000 0.999839 0.000000 0.017944 0.400000 0.400000 0.400000
3484.246338 0.000000 1460.065918 0.000000 0.385665 0.000000 0.922639 0.400000 0.400000 0.400000
3480.774170 0.000000 1467.740967 0.000000 0.938273 0.000000 -0.345896 0.400000 0.400000 0.400000
3510.274170 0.000000 1418.920044 0.000000 0.148304 0.000000 -0.988942 0.400000 0.400000 0.400000
3506.632080 0.000000 1426.385864 0.000000 0.954036 0.000000 -0.299691 0.400000 0.400000 0.400000
3491.591797 0.000000 1444.796997 0.000000 0.992755 0.000000 -0.120154 0.400000 0.400000 0.400000
3506.797607 0.000000 1411.105469 0.000000 0.530756 0.000000 0.847525 0.400000 0.400000 0.400000
3477.348633 0.000000 1462.002319 0.000000 0.976206 0.000000 -0.216847 0.400000 0.400000 0.400000
3492.864990 0.000000 1436.696167 0.000000 0.941108 0.000000 -0.338106 0.400000 0.400000 0.400000
3513.680908 0.000000 1425.447876 0.000000 0.873917 0.000000 0.486074 0.400000 0.400000 0.400000
3511.482910 0.000000 1412.210571 0.000000 0.891926 0.000000 0.452182 0.400000 0.400000 0.400000
3485.673584 0.000000 1447.228760 0.000000 0.966145 0.000000 0.258000 0.400000 0.400000 0.400000
3518.763916 0.000000 1414.559204 0.000000 0.427561 0.000000 -0.903986 0.400000 0.400000 0.400000
3512.085205 0.000000 1415.849609 0.000000 0.835397 0.000000 0.549646 0.400000 0.400000 0.400000
3489.322998 0.000000 1454.609253 0.000000 0.839486 0.000000 0.543381 0.400000 0.400000 0.400000
3506.586914 0.000000 1417.828247 0.000000 0.814717 0.000000 0.579859 0.400000 0.400000 0.400000
3504.634766 0.000000 1413.408203 0.000000 0.321442 0.000000 0.946929 0.400000 0.400000 0.400000
3482.523926 0.000000 1457.157471 0.000000 0.532760 0.000000 0.846266 0.400000 0.400000 0.400000
3518.434814 0.000000 1421.046997 0.000000 0.813425 0.000000 0.581670 0.400000 0.400000 0.400000
3507.518799 0.000000 1408.093018 0.000000 0.999411 0.000000 -0.034330 0.400000 0.400000 0.400000
3517.457275 0.000000 1411.813354 0.000000 0.924217 0.000000 -0.381869 0.400000 0.400000 0.400000
3514.558350 0.000000 1418.209351 0.000000 0.973146 0.000000 0.230190 0.400000 0.400000 0.400000
3481.246094 0.000000 1460.347534 0.000000 0.684388 0.000000 0.729118 0.400000 0.400000 0.400000
3478.699951 0.000000 1464.731445 0.000000 0.196536 0.000000 0.980497 0.400000 0.400000 0.400000
3508.182861 0.000000 1420.935669 0.000000 0.991631 0.000000 0.129104 0.400000 0.400000 0.400000
3505.184326 0.000000 1423.953735 0.000000 0.995877 0.000000 0.090714 0.400000 0.400000 0.400000
3519.557617 0.000000 1429.525513 0.000000 0.757722 0.000000 -0.652577 0.400000 0.400000 0.400000
3511.402588 0.000000 1421.348022 0.000000 0.965999 0.000000 -0.258547 0.400000 0.400000 0.400000
3509.300049 0.000000 1410.699219 0.000000 0.622125 0.000000 -0.782918 0.400000 0.400000 0.400000
3521.072510 0.000000 1423.512695 0.000000 0.205780 0.000000 0.978598 0.400000 0.400000 0.400000
3542.543701 0.000000 1439.088135 0.000000 0.959237 0.000000 -0.282601 0.400000 0.400000 0.400000
3547.937256 0.000000 1415.320923 0.000000 0.240927 0.000000 0.970543 0.400000 0.400000 0.400000
3536.636719 0.000000 1425.073853 0.000000 0.966730 0.000000 -0.255799 0.400000 0.400000 0.400000
3527.737305 0.000000 1436.980713 0.000000 0.772007 0.000000 0.635614 0.400000 0.400000 0.400000
3553.359375 0.000000 1428.568237 0.000000 0.719284 0.000000 -0.694717 0.400000 0.400000 0.400000
3519.942871 0.000000 1410.949341 0.000000 0.420025 0.000000 -0.907513 0.400000 0.400000 0.400000
3529.245605 0.000000 1417.901733 0.000000 0.574244 0.000000 -0.818684 0.400000 0.400000 0.400000
3541.144775 0.000000 1408.010254 0.000000 0.651622 0.000000 -0.758544 0.400000 0.400000 0.400000
3580.027832 0.000000 1451.465698 0.000000 0.989496 0.000000 -0.144558 0.400000 0.400000 0.400000
3544.585449 0.000000 1429.988403 0.000000 0.226926 0.000000 -0.973912 0.400000 0.400000 0.400000
3539.208984 0.000000 1416.679810 0.000000 0.501207 0.000000 -0.865327 0.400000 0.400000 0.400000
3535.776123 0.000000 1434.243896 0.000000 0.782784 0.000000 0.622294 0.400000 0.400000 0.400000
3528.371582 0.000000 1427.984375 0.000000 0.935553 0.000000 -0.353187 0.400000 0.400000 0.400000
3550.503906 0.000000 1435.915649 0.000000 0.216775 0.000000 -0.976222 0.400000 0.400000 0.400000
3548.342773 0.000000 1422.967041 0.000000 0.999710 0.000000 -0.024093 0.400000 0.400000 0.400000
3521.887695 0.000000 1417.118042 0.000000 0.955757 0.000000 -0.294158 0.400000 0.400000 0.400000
3535.153564 0.000000 1440.605103 0.000000 0.493473 0.000000 -0.869761 0.400000 0.400000 0.400000
3542.297852 0.000000 1421.975952 0.000000 0.892079 0.000000 -0.451879 0.400000 0.400000 0.400000
3526.358643 0.000000 1412.343750 0.000000 0.629472 0.000000 0.777023 0.400000 0.400000 0.400000
3531.427979 0.000000 1423.084839 0.000000 0.061795 0.000000 -0.998089 0.400000 0.400000 0.400000
3543.051758 0.000000 1412.959229 0.000000 0.729642 0.000000 -0.683829 0.400000 0.400000 0.400000
3541.072754 0.000000 1433.920410 0.000000 0.070982 0.000000 -0.997478 0.400000 0.400000 0.400000
3524.931396 0.000000 1431.982666 0.000000 0.896925 0.000000 -0.442184 0.400000 0.400000 0.400000
3534.309814 0.000000 1418.821289 0.000000 0.876517 0.000000 0.481371 0.400000 0.400000 0.400000
3530.741943 0.000000 1432.727417 0.000000 0.255060 0.000000 -0.966925 0.400000 0.400000 0.400000
3526.394775 0.000000 1422.559814 0.000000 0.044683 0.000000 0.999001 0.400000 0.400000 0.400000
3539.446045 0.000000 1429.135132 0.000000 0.253431 0.000000 -0.967354 0.400000 0.400000 0.400000
3533.168457 0.000000 1428.439697 0.000000 0.988457 0.000000 -0.151500 0.400000 0.400000 0.400000
3531.673584 0.000000 1413.262573 0.000000 0.448757 0.000000 0.893654 0.400000 0.400000 0.400000
3521.915039 0.000000 1428.234619 0.000000 0.725921 0.000000 0.687778 0.400000 0.400000 0.400000
3545.759521 0.000000 1435.495605 0.000000 0.537245 0.000000 -0.843426 0.400000 0.400000 0.400000
3549.140137 0.000000 1431.289429 0.000000 0.398390 0.000000 -0.917216 0.400000 0.400000 0.400000
3543.859619 0.000000 1417.579834 0.000000 0.622168 0.000000 -0.782884 0.400000 0.400000 0.400000
3532.176270 0.000000 1437.290039 0.000000 0.269610 0.000000 -0.962970 0.400000 0.400000 0.400000
3583.159424 0.000000 1454.506714 0.000000 0.569886 0.000000 -0.821724 0.400000 0.400000 0.400000
3544.855469 0.000000 1425.608643 0.000000 0.951509 0.000000 -0.307620 0.400000 0.400000 0.400000
3537.945068 0.000000 1420.964355 0.000000 0.256612 0.000000 0.966515 0.400000 0.400000 0.400000
3549.196045 0.000000 1427.070435 0.000000 0.767351 0.000000 -0.641228 0.400000 0.400000 0.400000
3538.519287 0.000000 1437.499023 0.000000 0.038752 0.000000 -0.999249 0.400000 0.400000 0.400000
3525.558105 0.000000 1418.828491 0.000000 0.034987 0.000000 -0.999388 0.400000 0.400000 0.400000
3540.350586 0.000000 1425.499756 0.000000 0.845136 0.000000 -0.534551 0.400000 0.400000 0.400000
3522.851074 0.000000 1413.527710 0.000000 0.205617 0.000000 0.978633 0.400000 0.400000 0.400000
3525.058594 0.000000 1425.978638 0.000000 0.999991 0.000000 -0.004139 0.400000 0.400000 0.400000
3519.691162 0.000000 1420.143799 0.000000 0.991178 0.000000 0.132535 0.400000 0.400000 0.400000
3546.898926 0.000000 1419.548828 0.000000 0.097529 0.000000 0.995233 0.400000 0.400000 0.400000
3536.178711 0.000000 1430.676392 0.000000 0.854326 0.000000 0.519738 0.400000 0.400000 0.400000
3519.594971 0.000000 1414.340088 0.000000 0.272985 0.000000 -0.962018 0.400000 0.400000 0.400000
3525.458008 0.000000 1415.551636 0.000000 0.961956 0.000000 0.273205 0.400000 0.400000 0.400000
3534.726074 0.000000 1422.285645 0.000000 0.220653 0.000000 -0.975352 0.400000 0.400000 0.400000
3522.915527 0.000000 1420.718994 0.000000 0.926991 0.000000 0.375084 0.400000 0.400000 0.400000
3528.791016 0.000000 1414.556152 0.000000 0.310810 0.000000 0.950472 0.400000 0.400000 0.400000
3528.717529 0.000000 1424.854370 0.000000 0.031136 0.000000 -0.999515 0.400000 0.400000 0.400000
3527.572510 0.000000 1433.777954 0.000000 0.356050 0.000000 0.934467 0.400000 0.400000 0.400000
3532.056152 0.000000 1416.523804 0.000000 0.157904 0.000000 -0.987454 0.400000 0.400000 0.400000
3542.558105 0.000000 1427.693848 0.000000 0.995566 0.000000 0.094063 0.400000 0.400000 0.400000
3544.089600 0.000000 1432.970337 0.000000 0.592674 0.000000 0.805443 0.400000 0.400000 0.400000
3519.641602 0.000000 1426.233643 0.000000 0.532628 0.000000 0.846350 0.400000 0.400000 0.400000
3525.625732 0.000000 1429.096680 0.000000 0.788094 0.000000 -0.615555 0.400000 0.400000 0.400000
3531.449219 0.000000 1419.940796 0.000000 0.956742 0.000000 0.290939 0.400000 0.400000 0.400000
3533.488281 0.000000 1425.240967 0.000000 0.767929 0.000000 -0.640535 0.400000 0.400000 0.400000
3540.947754 0.000000 1419.281860 0.000000 0.460095 0.000000 0.887870 0.400000 0.400000 0.400000
3542.884766 0.000000 1436.191040 0.000000 0.969266 0.000000 -0.246017 0.400000 0.400000 0.400000
3533.613037 0.000000 1432.219116 0.000000 0.765621 0.000000 0.643292 0.400000 0.400000 0.400000
3538.407471 0.000000 1432.547119 0.000000 0.905292 0.000000 -0.424789 0.400000 0.400000 0.400000
3541.815430 0.000000 1430.858032 0.000000 0.576445 0.000000 -0.817136 0.400000 0.400000 0.400000
3545.374023 0.000000 1422.189819 0.000000 0.826502 0.000000 -0.562934 0.400000 0.400000 0.400000
3535.541504 0.000000 1437.785889 0.000000 0.998312 0.000000 -0.058078 0.400000 0.400000 0.400000
3528.177734 0.000000 1430.964600 0.000000 0.547492 0.000000 0.836811 0.400000 0.400000 0.400000
3528.711182 0.000000 1420.748169 0.000000 0.746814 0.000000 0.665033 0.400000 0.400000 0.400000
3548.277832 0.000000 1433.957153 0.000000 0.159293 0.000000 -0.987231 0.400000 0.400000 0.400000
3530.787598 0.000000 1429.913696 0.000000 0.960057 0.000000 -0.279804 0.400000 0.400000 0.400000
3536.611816 0.000000 1427.893677 0.000000 0.556944 0.000000 -0.830550 0.400000 0.400000 0.400000
3530.966797 0.000000 1426.451660 0.000000 0.766224 0.000000 0.642574 0.400000 0.400000 0.400000
3541.898438 0.000000 1415.579956 0.000000 0.716043 0.000000 -0.698056 0.400000 0.400000 0.400000
3530.087402 0.000000 1435.492920 0.000000 0.961926 0.000000 0.273308 0.400000 0.400000 0.400000
3547.300781 0.000000 1429.075439 0.000000 0.999978 0.000000 0.006567 0.400000 0.400000 0.400000
3546.520996 0.000000 1431.903076 0.000000 0.318568 0.000000 0.947900 0.400000 0.400000 0.400000
3538.768555 0.000000 1423.409424 0.000000 0.960445 0.000000 0.278469 0.400000 0.400000 0.400000
3542.543701 0.000000 1503.072510 0.000000 0.974784 0.000000 0.223149 0.400000 0.400000 0.400000
3521.546143 0.000000 1514.651978 0.000000 0.169933 0.000000 -0.985456 0.400000 0.400000 0.400000
3536.636719 0.000000 1489.058228 0.000000 0.735699 0.000000 0.677309 0.400000 0.400000 0.400000
3527.737305 0.000000 1500.965088 0.000000 0.999995 0.000000 0.003124 0.400000 0.400000 0.400000
3536.011230 0.000000 1516.998657 0.000000 0.551145 0.000000 0.834409 0.400000 0.400000 0.400000
3553.359375 0.000000 1492.552612 0.000000 0.999847 0.000000 0.017506 0.400000 0.400000 0.400000
3556.918213 0.000000 1504.770996 0.000000 0.999230 0.000000 0.039232 0.400000 0.400000 0.400000
3546.539795 0.000000 1513.446167 0.000000 0.850525 0.000000 -0.525934 0.400000 0.400000 0.400000
3530.942871 0.000000 1509.448730 0.000000 0.997861 0.000000 0.065369 0.400000 0.400000 0.400000
3528.131348 0.000000 1521.508789 0.000000 0.711865 0.000000 0.702316 0.400000 0.400000 0.400000
3544.585449 0.000000 1493.972778 0.000000 0.488120 0.000000 -0.872776 0.400000 0.400000 0.400000
3535.776123 0.000000 1498.228271 0.000000 0.236239 0.000000 -0.971695 0.400000 0.400000 0.400000
3528.371582 0.000000 1491.968750 0.000000 0.961917 0.000000 0.273342 0.400000 0.400000 0.400000
3550.503906 0.000000 1499.900024 0.000000 0.787734 0.000000 0.616015 0.400000 0.400000 0.400000
3548.342773 0.000000 1486.951416 0.000000 0.786726 0.000000 -0.617302 0.400000 0.400000 0.400000
3539.195557 0.000000 1509.859863 0.000000 0.352026 0.000000 0.935990 0.400000 0.400000 0.400000
3550.286133 0.000000 1507.449341 0.000000 0.472284 0.000000 -0.881446 0.400000 0.400000 0.400000
3559.417480 0.000000 1511.079712 0.000000 0.969505 0.000000 -0.245071 0.400000 0.400000 0.400000
3535.153564 0.000000 1504.589478 0.000000 0.007979 0.000000 -0.999968 0.400000 0.400000 0.400000
3527.827148 0.000000 1515.133057 0.000000 0.717824 0.000000 -0.696225 0.400000 0.400000 0.400000
3542.297852 0.000000 1485.960327 0.000000 0.215344 0.000000 -0.976538 0.400000 0.400000 0.400000
3524.822998 0.000000 1509.672852 0.000000 0.604895 0.000000 -0.796305 0.400000 0.400000 0.400000
3541.635010 0.000000 1516.263428 0.000000 0.245901 0.000000 -0.969295 0.400000 0.400000 0.400000
3541.072754 0.000000 1497.904785 0.000000 0.614321 0.000000 0.789056 0.400000 0.400000 0.400000
3544.977295 0.000000 1508.371338 0.000000 0.751160 0.000000 0.660120 0.400000 0.400000 0.400000
3530.741943 0.000000 1496.711792 0.000000 0.531993 0.000000 0.846749 0.400000 0.400000 0.400000
3539.446045 0.000000 1493.119507 0.000000 0.805865 0.000000 0.592099 0.400000 0.400000 0.400000
3523.827637 0.000000 1519.001709 0.000000 0.940713 0.000000 -0.339205 0.400000 0.400000 0.400000
3527.736816 0.000000 1505.823975 0.000000 0.585574 0.000000 0.810619 0.400000 0.400000 0.400000
3533.168457 0.000000 1492.424072 0.000000 0.964498 0.000000 0.264089 0.400000 0.400000 0.400000
3534.938721 0.000000 1512.300537 0.000000 0.254133 0.000000 -0.967169 0.400000 0.400000 0.400000
3545.759521 0.000000 1499.479980 0.000000 0.729510 0.000000 -0.683970 0.400000 0.400000 0.400000
3549.140137 0.000000 1495.273804 0.000000 0.519886 0.000000 -0.854236 0.400000 0.400000 0.400000
3547.138916 0.000000 1503.890869 0.000000 0.892075 0.000000 0.451888 0.400000 0.400000 0.400000
3532.176270 0.000000 1501.274414 0.000000 0.825721 0.000000 -0.564079 0.400000 0.400000 0.400000
3550.296631 0.000000 1515.834717 0.000000 0.410810 0.000000 -0.911721 0.400000 0.400000 0.400000
3544.855469 0.000000 1489.593018 0.000000 0.813316 0.000000 0.581822 0.400000 0.400000 0.400000
3531.628662 0.000000 1517.294678 0.000000 0.844131 0.000000 -0.536138 0.400000 0.400000 0.400000
3552.656738 0.000000 1503.900024 0.000000 0.050742 0.000000 -0.998712 0.400000 0.400000 0.400000
3549.196045 0.000000 1491.054810 0.000000 0.686084 0.000000 -0.727522 0.400000 0.400000 0.400000
3555.583984 0.000000 1508.781372 0.000000 0.391058 0.000000 -0.920366 0.400000 0.400000 0.400000
3560.984131 0.000000 1506.073608 0.000000 0.978309 0.000000 0.207149 0.400000 0.400000 0.400000
3539.118652 0.000000 1505.767700 0.000000 0.881252 0.000000 0.472646 0.400000 0.400000 0.400000
3538.519287 0.000000 1501.483398 0.000000 0.921889 0.000000 -0.387454 0.400000 0.400000 0.400000
3556.857178 0.000000 1500.680542 0.000000 0.678364 0.000000 0.734726 0.400000 0.400000 0.400000
3542.579346 0.000000 1512.179932 0.000000 0.659029 0.000000 -0.752117 0.400000 0.400000 0.400000
3538.322510 0.000000 1513.999268 0.000000 0.782377 0.000000 0.622805 0.400000 0.400000 0.400000
3531.170654 0.000000 1513.221436 0.000000 0.512343 0.000000 0.858781 0.400000 0.400000 0.400000
3549.665771 0.000000 1511.213135 0.000000 0.698871 0.000000 -0.715248 0.400000 0.400000 0.400000
3535.352539 0.000000 1508.539062 0.000000 0.885716 0.000000 -0.464228 0.400000 0.400000 0.400000
3540.350586 0.000000 1489.484131 0.000000 0.435722 0.000000 -0.900081 0.400000 0.400000 0.400000
3531.353516 0.000000 1504.808105 0.000000 0.861600 0.000000 0.507587 0.400000 0.400000 0.400000
3536.178711 0.000000 1494.660767 0.000000 0.267830 0.000000 0.963466 0.400000 0.400000 0.400000
3524.838867 0.000000 1513.314819 0.000000 0.578617 0.000000 -0.815600 0.400000 0.400000 0.400000
3528.007812 0.000000 1511.566162 0.000000 0.511830 0.000000 -0.859087 0.400000 0.400000 0.400000
3527.153076 0.000000 1518.289062 0.000000 0.739741 0.000000 0.672891 0.400000 0.400000 0.400000
3541.788574 0.000000 1507.908813 0.000000 0.004106 0.000000 0.999992 0.400000 0.400000 0.400000
3553.578613 0.000000 1500.807739 0.000000 0.004995 0.000000 -0.999988 0.400000 0.400000 0.400000
3527.572510 0.000000 1497.762329 0.000000 0.252608 0.000000 0.967569 0.400000 0.400000 0.400000
3542.558105 0.000000 1491.678223 0.000000 0.078024 0.000000 -0.996952 0.400000 0.400000 0.400000
3544.089600 0.000000 1496.954712 0.000000 0.683431 0.000000 0.730015 0.400000 0.400000 0.400000
3552.515137 0.000000 1509.558350 0.000000 0.163887 0.000000 -0.986479 0.400000 0.400000 0.400000
3544.399902 0.000000 1505.311768 0.000000 0.963918 0.000000 0.266200 0.400000 0.400000 0.400000
3542.884766 0.000000 1500.175415 0.000000 0.470203 0.000000 0.882559 0.400000 0.400000 0.400000
3533.613037 0.000000 1496.203491 0.000000 0.969211 0.000000 -0.246231 0.400000 0.400000 0.400000
3538.407471 0.000000 1496.531494 0.000000 0.621951 0.000000 -0.783056 0.400000 0.400000 0.400000
3559.000732 0.000000 1508.197510 0.000000 0.871255 0.000000 0.490830 0.400000 0.400000 0.400000
3541.815430 0.000000 1494.842407 0.000000 0.548344 0.000000 0.836253 0.400000 0.400000 0.400000
3545.374023 0.000000 1486.174194 0.000000 0.999998 0.000000 -0.002081 0.400000 0.400000 0.400000
3547.864258 0.000000 1508.971924 0.000000 0.997222 0.000000 -0.074489 0.400000 0.400000 0.400000
3535.541504 0.000000 1501.770264 0.000000 0.422027 0.000000 -0.906583 0.400000 0.400000 0.400000
3528.177734 0.000000 1494.948975 0.000000 0.875407 0.000000 0.483387 0.400000 0.400000 0.400000
3549.962891 0.000000 1502.961060 0.000000 0.809336 0.000000 -0.587346 0.400000 0.400000 0.400000
3527.584473 0.000000 1508.733887 0.000000 0.960602 0.000000 -0.277929 0.400000 0.400000 0.400000
3553.617920 0.000000 1506.659302 0.000000 0.957809 0.000000 -0.287406 0.400000 0.400000 0.400000
3543.955322 0.000000 1514.649902 0.000000 0.194207 0.000000 -0.980961 0.400000 0.400000 0.400000
3532.739746 0.000000 1507.243530 0.000000 0.975674 0.000000 -0.219225 0.400000 0.400000 0.400000
3548.277832 0.000000 1497.941528 0.000000 0.929153 0.000000 0.369695 0.400000 0.400000 0.400000
3524.254639 0.000000 1516.161621 0.000000 0.735890 0.000000 0.677101 0.400000 0.400000 0.400000
3530.787598 0.000000 1493.898071 0.000000 0.718034 0.000000 0.696008 0.400000 0.400000 0.400000
3530.087402 0.000000 1499.477295 0.000000 0.705829 0.000000 -0.708383 0.400000 0.400000 0.400000
3547.300781 0.000000 1493.059814 0.000000 0.045452 0.000000 0.998967 0.400000 0.400000 0.400000
3545.096191 0.000000 1511.121826 0.000000 0.386986 0.000000 0.922086 0.400000 0.400000 0.400000
3547.916748 0.000000 1501.169312 0.000000 0.026006 0.000000 0.999662 0.400000 0.400000 0.400000
3545.080811 0.000000 1502.109497 0.000000 0.995382 0.000000 -0.095994 0.400000 0.400000 0.400000
3532.749268 0.000000 1498.706543 0.000000 0.900211 0.000000 -0.435455 0.400000 0.400000 0.400000
3546.520996 0.000000 1495.887451 0.000000 0.910788 0.000000 0.412874 0.400000 0.400000 0.400000
3529.369629 0.000000 1503.054688 0.000000 0.901377 0.000000 -0.433035 0.400000 0.400000 0.400000
3547.880127 0.000000 1506.356567 0.000000 0.990413 0.000000 0.138136 0.400000 0.400000 0.400000
3555.110352 0.000000 1502.884155 0.000000 0.924870 0.000000 -0.380284 0.400000 0.400000 0.400000
3541.614746 0.000000 1505.373413 0.000000 0.345150 0.000000 0.938547 0.400000 0.400000 0.400000
3585.538330 0.000000 1450.667603 0.000000 0.675648 0.000000 0.737224 0.400000 0.400000 0.400000
3600.003418 0.000000 1453.014282 0.000000 0.516689 0.000000 0.856173 0.400000 0.400000 0.400000
3594.935059 0.000000 1445.464355 0.000000 0.617599 0.000000 -0.786493 0.400000 0.400000 0.400000
3592.123535 0.000000 1457.524414 0.000000 0.272566 0.000000 0.962137 0.400000 0.400000 0.400000
3603.187744 0.000000 1445.875488 0.000000 0.892383 0.000000 0.451279 0.400000 0.400000 0.400000
3599.145752 0.000000 1440.605103 0.000000 0.718072 0.000000 0.695969 0.400000 0.400000 0.400000
3591.819336 0.000000 1451.148682 0.000000 0.468126 0.000000 0.883662 0.400000 0.400000 0.400000
3588.815186 0.000000 1445.688477 0.000000 0.630837 0.000000 -0.775915 0.400000 0.400000 0.400000
3587.819824 0.000000 1455.017334 0.000000 0.999617 0.000000 -0.027674 0.400000 0.400000 0.400000
3591.729004 0.000000 1441.839600 0.000000 0.226945 0.000000 0.973907 0.400000 0.400000 0.400000
3598.930908 0.000000 1448.316162 0.000000 0.419863 0.000000 -0.907587 0.400000 0.400000 0.400000
3583.596436 0.000000 1446.457397 0.000000 0.303146 0.000000 -0.952944 0.400000 0.400000 0.400000
3595.620850 0.000000 1453.310303 0.000000 0.614746 0.000000 -0.788725 0.400000 0.400000 0.400000
3583.770020 0.000000 1454.091553 0.000000 0.474382 0.000000 0.880319 0.400000 0.400000 0.400000
3595.162842 0.000000 1449.237061 0.000000 0.955200 0.000000 -0.295960 0.400000 0.400000 0.400000
3599.344727 0.000000 1444.554688 0.000000 0.918711 0.000000 -0.394931 0.400000 0.400000 0.400000
3595.345703 0.000000 1440.823730 0.000000 0.793150 0.000000 -0.609026 0.400000 0.400000 0.400000
3588.831055 0.000000 1449.330444 0.000000 0.082041 0.000000 0.996629 0.400000 0.400000 0.400000
3592.000000 0.000000 1447.581787 0.000000 0.448608 0.000000 0.893729 0.400000 0.400000 0.400000
3591.145264 0.000000 1454.304688 0.000000 0.854728 0.000000 -0.519076 0.400000 0.400000 0.400000
3586.024658 0.000000 1444.353149 0.000000 0.713200 0.000000 -0.700961 0.400000 0.400000 0.400000
3597.590088 0.000000 1451.037598 0.000000 0.430467 0.000000 0.902606 0.400000 0.400000 0.400000
3586.370605 0.000000 1447.598511 0.000000 0.960548 0.000000 0.278116 0.400000 0.400000 0.400000
3591.576660 0.000000 1444.749512 0.000000 0.660452 0.000000 0.750868 0.400000 0.400000 0.400000
3596.731934 0.000000 1443.259155 0.000000 0.164656 0.000000 -0.986351 0.400000 0.400000 0.400000
3588.246826 0.000000 1452.177246 0.000000 0.160702 0.000000 0.987003 0.400000 0.400000 0.400000
3589.307617 0.000000 1443.036865 0.000000 0.895247 0.000000 0.445571 0.400000 0.400000 0.400000
3593.957764 0.000000 1443.120117 0.000000 0.970522 0.000000 0.241014 0.400000 0.400000 0.400000
3597.131104 0.000000 1446.607544 0.000000 0.552384 0.000000 0.833590 0.400000 0.400000 0.400000
3600.823730 0.000000 1446.625488 0.000000 0.997933 0.000000 0.064265 0.400000 0.400000 0.400000
3318.654785 0.000000 1536.377197 0.000000 0.941928 0.000000 0.335816 0.400000 0.400000 0.400000
3311.151611 0.000000 1537.053101 0.000000 0.603562 0.000000 0.797316 0.400000 0.400000 0.400000
3292.105713 0.000000 1598.598267 0.000000 0.905094 0.000000 0.425212 0.400000 0.400000 0.400000
3314.821045 0.000000 1539.074219 0.000000 0.106068 0.000000 0.994359 0.400000 0.400000 0.400000
3309.125244 0.000000 1540.551025 0.000000 0.997730 0.000000 -0.067347 0.400000 0.400000 0.400000
3321.979004 0.000000 1537.593384 0.000000 0.998603 0.000000 -0.052839 0.400000 0.400000 0.400000
3295.804932 0.000000 1599.374268 0.000000 0.412275 0.000000 0.911060 0.400000 0.400000 0.400000
3315.542236 0.000000 1536.061768 0.000000 0.044875 0.000000 0.998993 0.400000 0.400000 0.400000
3265.103760 0.000000 1615.465820 0.000000 0.978983 0.000000 0.203941 0.400000 0.400000 0.400000
3306.586670 0.000000 1607.556030 0.000000 0.939193 0.000000 -0.343389 0.400000 0.400000 0.400000
3279.807373 0.000000 1626.197021 0.000000 0.848483 0.000000 -0.529223 0.400000 0.400000 0.400000
3299.124268 0.000000 1610.754272 0.000000 0.783598 0.000000 0.621268 0.400000 0.400000 0.400000
3292.374023 0.000000 1614.920166 0.000000 0.994586 0.000000 -0.103918 0.400000 0.400000 0.400000
3316.485596 0.000000 1606.912598 0.000000 0.803542 0.000000 -0.595248 0.400000 0.400000 0.400000
3279.184814 0.000000 1632.558228 0.000000 0.217149 0.000000 -0.976139 0.400000 0.400000 0.400000
3293.105957 0.000000 1601.333008 0.000000 0.067605 0.000000 -0.997712 0.400000 0.400000 0.400000
3275.459229 0.000000 1615.037964 0.000000 0.740899 0.000000 0.671617 0.400000 0.400000 0.400000
3285.666260 0.000000 1644.232178 0.000000 0.057465 0.000000 0.998348 0.400000 0.400000 0.400000
3270.426025 0.000000 1614.512939 0.000000 0.168266 0.000000 0.985742 0.400000 0.400000 0.400000
3296.296631 0.000000 1605.654541 0.000000 0.987067 0.000000 0.160309 0.400000 0.400000 0.400000
3303.836426 0.000000 1611.644409 0.000000 0.979404 0.000000 -0.201909 0.400000 0.400000 0.400000
3288.886719 0.000000 1617.561768 0.000000 0.564874 0.000000 -0.825177 0.400000 0.400000 0.400000
3314.821045 0.000000 1603.058594 0.000000 0.969955 0.000000 0.243285 0.400000 0.400000 0.400000
3286.610596 0.000000 1640.148682 0.000000 0.263434 0.000000 -0.964677 0.400000 0.400000 0.400000
3309.125244 0.000000 1604.535400 0.000000 0.309306 0.000000 0.950963 0.400000 0.400000 0.400000
3319.506348 0.000000 1604.163696 0.000000 0.012012 0.000000 0.999928 0.400000 0.400000 0.400000
3296.263916 0.000000 1615.012939 0.000000 0.974731 0.000000 0.223381 0.400000 0.400000 0.400000
3284.381836 0.000000 1617.452881 0.000000 0.858251 0.000000 0.513230 0.400000 0.400000 0.400000
3269.089844 0.000000 1617.931763 0.000000 0.702006 0.000000 0.712171 0.400000 0.400000 0.400000
3290.930176 0.000000 1611.501953 0.000000 0.362597 0.000000 -0.931946 0.400000 0.400000 0.400000
3320.108643 0.000000 1607.802734 0.000000 0.976195 0.000000 0.216893 0.400000 0.400000 0.400000
3302.475586 0.000000 1608.469604 0.000000 0.919684 0.000000 0.392660 0.400000 0.400000 0.400000
3278.757324 0.000000 1614.238770 0.000000 0.538168 0.000000 0.842838 0.400000 0.400000 0.400000
3312.658203 0.000000 1605.361328 0.000000 0.817247 0.000000 0.576288 0.400000 0.400000 0.400000
3272.748779 0.000000 1616.807495 0.000000 0.812085 0.000000 -0.583539 0.400000 0.400000 0.400000
3289.405273 0.000000 1614.142944 0.000000 0.981344 0.000000 0.192262 0.400000 0.400000 0.400000
3279.572754 0.000000 1629.739014 0.000000 0.916661 0.000000 0.399665 0.400000 0.400000 0.400000
3267.834961 0.000000 1615.503296 0.000000 0.428838 0.000000 -0.903381 0.400000 0.400000 0.400000
3266.374268 0.000000 1617.746948 0.000000 0.109858 0.000000 -0.993947 0.400000 0.400000 0.400000
3327.966309 0.000000 1538.918091 0.000000 0.947477 0.000000 -0.319824 0.400000 0.400000 0.400000
3339.451416 0.000000 1551.053589 0.000000 0.341504 0.000000 -0.939880 0.400000 0.400000 0.400000
3331.762451 0.000000 1536.878662 0.000000 0.891045 0.000000 -0.453915 0.400000 0.400000 0.400000
3330.874512 0.000000 1541.496460 0.000000 0.908155 0.000000 0.418634 0.400000 0.400000 0.400000
3328.125488 0.000000 1535.774902 0.000000 0.893085 0.000000 0.449888 0.400000 0.400000 0.400000
3339.472656 0.000000 1547.909546 0.000000 0.967493 0.000000 -0.252897 0.400000 0.400000 0.400000
3336.734619 0.000000 1548.716919 0.000000 0.433432 0.000000 0.901186 0.400000 0.400000 0.400000
3433.020752 0.000000 1537.696167 0.000000 0.415650 0.000000 -0.909525 0.400000 0.400000 0.400000
4539.910645 0.000000 2603.184570 0.000000 0.663932 0.000000 0.747793 0.400000 0.400000 0.400000
4529.814941 0.000000 2619.767578 0.000000 0.953342 0.000000 0.301892 0.400000 0.400000 0.400000
4530.628906 0.000000 2613.940430 0.000000 0.686702 0.000000 -0.726939 0.400000 0.400000 0.400000
4513.704102 0.000000 2620.528076 0.000000 0.964352 0.000000 -0.264624 0.400000 0.400000 0.400000
4505.157715 0.000000 2615.166748 0.000000 0.901646 0.000000 0.432475 0.400000 0.400000 0.400000
4537.122559 0.000000 2607.069824 0.000000 0.988287 0.000000 -0.152607 0.400000 0.400000 0.400000
4501.223633 0.000000 2613.721191 0.000000 0.230689 0.000000 -0.973028 0.400000 0.400000 0.400000
4523.994141 0.000000 2622.140381 0.000000 0.781780 0.000000 0.623554 0.400000 0.400000 0.400000
4508.163574 0.000000 2618.071777 0.000000 0.799874 0.000000 0.600167 0.400000 0.400000 0.400000
4527.161133 0.000000 2621.576172 0.000000 0.999998 0.000000 0.001927 0.400000 0.400000 0.400000
4531.820312 0.000000 2617.190674 0.000000 0.328207 0.000000 0.944606 0.400000 0.400000 0.400000
4510.313477 0.000000 2620.344727 0.000000 0.441894 0.000000 0.897067 0.400000 0.400000 0.400000
4500.241699 0.000000 2610.542969 0.000000 0.350517 0.000000 -0.936556 0.400000 0.400000 0.400000
4534.211914 0.000000 2607.899902 0.000000 0.996789 0.000000 0.080071 0.400000 0.400000 0.400000
4536.093262 0.000000 2675.713623 0.000000 0.445993 0.000000 -0.895037 0.400000 0.400000 0.400000
4531.149902 0.000000 2660.193848 0.000000 0.347850 0.000000 -0.937550 0.400000 0.400000 0.400000
4522.438477 0.000000 2631.305908 0.000000 0.374729 0.000000 0.927135 0.400000 0.400000 0.400000
4513.242188 0.000000 2644.271240 0.000000 0.797731 0.000000 -0.603014 0.400000 0.400000 0.400000
4514.948730 0.000000 2623.921875 0.000000 0.996100 0.000000 -0.088236 0.400000 0.400000 0.400000
4539.910645 0.000000 2667.168945 0.000000 0.475080 0.000000 -0.879942 0.400000 0.400000 0.400000
4520.994629 0.000000 2639.771484 0.000000 0.214671 0.000000 -0.976686 0.400000 0.400000 0.400000
4525.590820 0.000000 2653.645752 0.000000 0.705699 0.000000 0.708512 0.400000 0.400000 0.400000
4514.975586 0.000000 2634.504150 0.000000 0.712081 0.000000 0.702097 0.400000 0.400000 0.400000
4519.380859 0.000000 2648.943115 0.000000 0.438542 0.000000 -0.898711 0.400000 0.400000 0.400000
4527.002930 0.000000 2624.787598 0.000000 0.975015 0.000000 -0.222139 0.400000 0.400000 0.400000
4532.126465 0.000000 2669.678711 0.000000 0.266663 0.000000 0.963790 0.400000 0.400000 0.400000
4524.668945 0.000000 2659.749023 0.000000 0.243923 0.000000 -0.969795 0.400000 0.400000 0.400000
4520.888184 0.000000 2625.430664 0.000000 0.561714 0.000000 0.827332 0.400000 0.400000 0.400000
4541.620117 0.000000 2674.445557 0.000000 0.611881 0.000000 0.790950 0.400000 0.400000 0.400000
4522.660645 0.000000 2645.139160 0.000000 0.450683 0.000000 0.892684 0.400000 0.400000 0.400000
4515.742188 0.000000 2639.909424 0.000000 0.458366 0.000000 -0.888764 0.400000 0.400000 0.400000
4524.086426 0.000000 2636.017822 0.000000 0.408328 0.000000 -0.912835 0.400000 0.400000 0.400000
4537.122559 0.000000 2671.054199 0.000000 0.273684 0.000000 0.961820 0.400000 0.400000 0.400000
4520.611816 0.000000 2653.514160 0.000000 0.440838 0.000000 -0.897586 0.400000 0.400000 0.400000
4531.323730 0.000000 2665.065918 0.000000 0.865996 0.000000 0.500051 0.400000 0.400000 0.400000
4519.687988 0.000000 2635.394287 0.000000 0.086592 0.000000 -0.996244 0.400000 0.400000 0.400000
4524.874023 0.000000 2649.229492 0.000000 0.945447 0.000000 -0.325777 0.400000 0.400000 0.400000
4520.866699 0.000000 2657.792480 0.000000 0.997541 0.000000 -0.070087 0.400000 0.400000 0.400000
4527.626953 0.000000 2662.808105 0.000000 0.948605 0.000000 0.316462 0.400000 0.400000 0.400000
4535.741211 0.000000 2667.117432 0.000000 0.773436 0.000000 0.633874 0.400000 0.400000 0.400000
4524.976562 0.000000 2628.285400 0.000000 0.518447 0.000000 -0.855110 0.400000 0.400000 0.400000
4528.881836 0.000000 2667.864990 0.000000 0.932188 0.000000 -0.361975 0.400000 0.400000 0.400000
4518.327148 0.000000 2632.219727 0.000000 0.201671 0.000000 0.979453 0.400000 0.400000 0.400000
4523.769043 0.000000 2623.512207 0.000000 0.200485 0.000000 0.979697 0.400000 0.400000 0.400000
4527.974609 0.000000 2659.199707 0.000000 0.256478 0.000000 -0.966550 0.400000 0.400000 0.400000
4520.121582 0.000000 2628.648682 0.000000 0.440211 0.000000 0.897895 0.400000 0.400000 0.400000
4523.817871 0.000000 2656.431641 0.000000 0.598251 0.000000 0.801309 0.400000 0.400000 0.400000
4523.162598 0.000000 2642.036377 0.000000 0.655541 0.000000 -0.755160 0.400000 0.400000 0.400000
4517.042480 0.000000 2637.091797 0.000000 0.783375 0.000000 0.621549 0.400000 0.400000 0.400000
4540.344727 0.000000 2671.683105 0.000000 0.904157 0.000000 0.427201 0.400000 0.400000 0.400000
4519.929199 0.000000 2646.040771 0.000000 0.994080 0.000000 0.108651 0.400000 0.400000 0.400000
4518.424805 0.000000 2641.208252 0.000000 0.009790 0.000000 0.999952 0.400000 0.400000 0.400000
4522.359863 0.000000 2647.976318 0.000000 0.941580 0.000000 -0.336790 0.400000 0.400000 0.400000
4520.630371 0.000000 2643.301514 0.000000 0.118007 0.000000 0.993013 0.400000 0.400000 0.400000
4526.646484 0.000000 2656.476562 0.000000 0.788691 0.000000 -0.614790 0.400000 0.400000 0.400000
4523.692383 0.000000 2638.894531 0.000000 0.997192 0.000000 -0.074885 0.400000 0.400000 0.400000
4518.883301 0.000000 2623.413330 0.000000 0.997009 0.000000 -0.077284 0.400000 0.400000 0.400000
4522.047363 0.000000 2634.018311 0.000000 0.688621 0.000000 0.725121 0.400000 0.400000 0.400000
4528.072754 0.000000 2665.375977 0.000000 0.739875 0.000000 0.672744 0.400000 0.400000 0.400000
4523.395508 0.000000 2626.069580 0.000000 0.997152 0.000000 -0.075418 0.400000 0.400000 0.400000
4521.715820 0.000000 2637.079102 0.000000 0.932301 0.000000 -0.361684 0.400000 0.400000 0.400000
4530.226074 0.000000 2662.559570 0.000000 0.528331 0.000000 0.849038 0.400000 0.400000 0.400000
4525.057617 0.000000 2630.780029 0.000000 0.872198 0.000000 0.489152 0.400000 0.400000 0.400000
4523.049805 0.000000 2654.007324 0.000000 0.189429 0.000000 -0.981894 0.400000 0.400000 0.400000
4543.946289 0.000000 2674.476074 0.000000 0.181876 0.000000 0.983321 0.400000 0.400000 0.400000
4549.022949 0.000000 2687.297119 0.000000 0.518642 0.000000 -0.854992 0.400000 0.400000 0.400000
4544.745117 0.000000 2679.905273 0.000000 0.972667 0.000000 -0.232204 0.400000 0.400000 0.400000
4560.511719 0.000000 2704.761230 0.000000 0.310532 0.000000 -0.950563 0.400000 0.400000 0.400000
4577.234375 0.000000 2708.255615 0.000000 0.974656 0.000000 -0.223709 0.400000 0.400000 0.400000
4553.120605 0.000000 2697.589111 0.000000 0.158212 0.000000 -0.987405 0.400000 0.400000 0.400000
4603.996094 0.000000 2748.064453 0.000000 0.258698 0.000000 0.965958 0.400000 0.400000 0.400000
4550.233398 0.000000 2692.031250 0.000000 0.952041 0.000000 -0.305972 0.400000 0.400000 0.400000
4555.303223 0.000000 2702.772461 0.000000 0.837536 0.000000 0.546383 0.400000 0.400000 0.400000
4564.947754 0.000000 2713.607910 0.000000 0.940118 0.000000 -0.340849 0.400000 0.400000 0.400000
4563.321289 0.000000 2708.822510 0.000000 0.474664 0.000000 -0.880167 0.400000 0.400000 0.400000
4569.634766 0.000000 2715.183105 0.000000 0.473607 0.000000 0.880736 0.400000 0.400000 0.400000
4573.015137 0.000000 2710.977051 0.000000 0.523505 0.000000 -0.852023 0.400000 0.400000 0.400000
4560.053711 0.000000 2710.364014 0.000000 0.914446 0.000000 0.404707 0.400000 0.400000 0.400000
4551.529297 0.000000 2688.681641 0.000000 0.584811 0.000000 0.811170 0.400000 0.400000 0.400000
4552.666016 0.000000 2694.243652 0.000000 0.109242 0.000000 0.994015 0.400000 0.400000 0.400000
4567.964355 0.000000 2712.657715 0.000000 0.850007 0.000000 0.526772 0.400000 0.400000 0.400000
4555.324219 0.000000 2699.628174 0.000000 0.916462 0.000000 -0.400122 0.400000 0.400000 0.400000
4557.363281 0.000000 2704.928467 0.000000 0.358882 0.000000 -0.933383 0.400000 0.400000 0.400000
4576.037109 0.000000 2711.224365 0.000000 0.223807 0.000000 0.974634 0.400000 0.400000 0.400000
4572.152832 0.000000 2713.644775 0.000000 0.204790 0.000000 -0.978806 0.400000 0.400000 0.400000
4560.486816 0.000000 2707.581055 0.000000 0.523649 0.000000 0.851934 0.400000 0.400000 0.400000
4605.092773 0.000000 2752.134766 0.000000 0.734250 0.000000 -0.678879 0.400000 0.400000 0.400000
4607.810059 0.000000 2754.621338 0.000000 0.112811 0.000000 0.993616 0.400000 0.400000 0.400000
4631.108398 0.000000 2801.743652 0.000000 0.043614 0.000000 0.999048 0.400000 0.400000 0.400000
4627.062500 0.000000 2789.547363 0.000000 0.961155 0.000000 0.276008 0.400000 0.400000 0.400000
4609.754883 0.000000 2760.790039 0.000000 0.192112 0.000000 0.981373 0.400000 0.400000 0.400000
4623.020508 0.000000 2784.277100 0.000000 0.166379 0.000000 -0.986062 0.400000 0.400000 0.400000
4629.502441 0.000000 2795.950928 0.000000 0.601685 0.000000 0.798734 0.400000 0.400000 0.400000
4632.844727 0.000000 2788.058838 0.000000 0.827039 0.000000 0.562144 0.400000 0.400000 0.400000
4618.609375 0.000000 2776.399170 0.000000 0.293370 0.000000 -0.955999 0.400000 0.400000 0.400000
4622.806152 0.000000 2791.988037 0.000000 0.923581 0.000000 0.383404 0.400000 0.400000 0.400000
4620.043457 0.000000 2780.961914 0.000000 0.548079 0.000000 -0.836426 0.400000 0.400000 0.400000
4626.985840 0.000000 2785.455322 0.000000 0.050448 0.000000 -0.998727 0.400000 0.400000 0.400000
4630.446289 0.000000 2791.867432 0.000000 0.512229 0.000000 -0.858849 0.400000 0.400000 0.400000
4626.189941 0.000000 2793.686768 0.000000 0.556168 0.000000 -0.831070 0.400000 0.400000 0.400000
4623.219727 0.000000 2788.226562 0.000000 0.626819 0.000000 0.779165 0.400000 0.400000 0.400000
4612.925781 0.000000 2769.650391 0.000000 0.894283 0.000000 0.447503 0.400000 0.400000 0.400000
4610.782715 0.000000 2764.390869 0.000000 0.720837 0.000000 -0.693105 0.400000 0.400000 0.400000
4630.520020 0.000000 2798.801758 0.000000 0.958246 0.000000 -0.285946 0.400000 0.400000 0.400000
4616.044922 0.000000 2774.636475 0.000000 0.997991 0.000000 0.063362 0.400000 0.400000 0.400000
4631.822266 0.000000 2794.337402 0.000000 0.938911 0.000000 -0.344160 0.400000 0.400000 0.400000
4620.606934 0.000000 2786.931152 0.000000 0.999592 0.000000 0.028553 0.400000 0.400000 0.400000
4620.616699 0.000000 2778.394043 0.000000 0.269486 0.000000 0.963004 0.400000 0.400000 0.400000
4625.626953 0.000000 2787.529785 0.000000 0.999967 0.000000 0.008083 0.400000 0.400000 0.400000
4650.422852 0.000000 2823.259033 0.000000 0.898289 0.000000 0.439406 0.400000 0.400000 0.400000
4665.848145 0.000000 2828.837891 0.000000 0.973828 0.000000 0.227286 0.400000 0.400000 0.400000
4657.196289 0.000000 2828.794189 0.000000 0.831316 0.000000 0.555800 0.400000 0.400000 0.400000
4654.987305 0.000000 2816.740723 0.000000 0.813355 0.000000 -0.581767 0.400000 0.400000 0.400000
4660.321777 0.000000 2822.615723 0.000000 0.998125 0.000000 -0.061205 0.400000 0.400000 0.400000
4648.872559 0.000000 2817.383789 0.000000 0.218651 0.000000 -0.975803 0.400000 0.400000 0.400000
4655.290527 0.000000 2824.186768 0.000000 0.175551 0.000000 -0.984470 0.400000 0.400000 0.400000
4662.133301 0.000000 2826.576416 0.000000 0.610329 0.000000 -0.792148 0.400000 0.400000 0.400000
4658.446289 0.000000 2825.484375 0.000000 0.456481 0.000000 -0.889733 0.400000 0.400000 0.400000
4648.105957 0.000000 2820.601807 0.000000 0.758071 0.000000 0.652172 0.400000 0.400000 0.400000
4645.611328 0.000000 2817.826416 0.000000 0.669596 0.000000 0.742725 0.400000 0.400000 0.400000
4656.494141 0.000000 2821.064453 0.000000 0.512117 0.000000 0.858916 0.400000 0.400000 0.400000
4660.041992 0.000000 2828.592041 0.000000 0.996052 0.000000 -0.088771 0.400000 0.400000 0.400000
4654.907715 0.000000 2827.087402 0.000000 0.303796 0.000000 -0.952737 0.400000 0.400000 0.400000
4652.573242 0.000000 2825.174072 0.000000 0.563186 0.000000 0.826330 0.400000 0.400000 0.400000
"}
