object={
	name="tree_leaf_2_high_generator_1_0"
	clamp_to_water_level=no
	render_under_water=no
	generated_content=yes
	layer="tree_high_layer"
	pdxmesh="tree_leaf_01_a_mesh"
	count=313
	transform="3476.544189 0.000000 1914.593140 0.000000 0.628148 0.000000 -0.778094 0.803010 0.803010 0.803010
3478.061279 0.000000 1918.254272 0.000000 0.999678 0.000000 -0.025359 0.609687 0.609687 0.609687
3469.199219 0.000000 1915.566895 0.000000 0.947898 0.000000 -0.318574 0.665079 0.665079 0.665079
3475.051025 0.000000 1917.392456 0.000000 0.903674 0.000000 -0.428222 0.713351 0.713351 0.713351
3475.702637 0.000000 1912.012695 0.000000 0.855308 0.000000 0.518119 0.532285 0.532285 0.532285
3473.523682 0.000000 1910.495972 0.000000 0.445263 0.000000 -0.895400 0.882488 0.882488 0.882488
3479.820801 0.000000 1917.364868 0.000000 0.996084 0.000000 0.088408 0.566187 0.566187 0.566187
3474.561035 0.000000 1913.316406 0.000000 0.757050 0.000000 -0.653357 0.688523 0.688523 0.688523
3476.477783 0.000000 1918.572998 0.000000 0.741737 0.000000 -0.670691 0.860981 0.860981 0.860981
3478.092041 0.000000 1914.094482 0.000000 0.432034 0.000000 -0.901857 0.741435 0.741435 0.741435
3477.073242 0.000000 1912.747681 0.000000 0.373180 0.000000 0.927759 0.283145 0.283145 0.283145
3469.614990 0.000000 1914.167725 0.000000 0.727890 0.000000 -0.685694 0.751657 0.751657 0.751657
3474.185547 0.000000 1911.871216 0.000000 0.733729 0.000000 -0.679442 0.792461 0.792461 0.792461
3479.338867 0.000000 1919.024292 0.000000 0.498159 0.000000 0.867086 0.199189 0.199189 0.199189
3402.958496 0.000000 1957.339355 0.000000 0.758982 0.000000 0.651112 0.579820 0.579820 0.579820
3413.650635 0.000000 1964.154053 0.000000 0.081861 0.000000 -0.996644 0.704819 0.704819 0.704819
3411.461670 0.000000 1941.010132 0.000000 0.902985 0.000000 -0.429671 0.682494 0.682494 0.682494
3405.184082 0.000000 1940.314697 0.000000 0.397362 0.000000 0.917662 0.156089 0.156089 0.156089
3439.828613 0.000000 1967.730225 0.000000 0.728987 0.000000 0.684528 0.537885 0.537885 0.537885
3426.019043 0.000000 1971.526123 0.000000 0.653713 0.000000 0.756743 0.506144 0.506144 0.506144
3404.191895 0.000000 1949.165039 0.000000 0.504414 0.000000 0.863462 0.422048 0.422048 0.422048
3416.871094 0.000000 1937.483643 0.000000 0.312348 0.000000 -0.949968 0.857163 0.857163 0.857163
3420.254150 0.000000 1971.940918 0.000000 0.775261 0.000000 0.631642 0.532410 0.532410 0.532410
3421.681396 0.000000 1959.103760 0.000000 0.103979 0.000000 -0.994579 0.696664 0.696664 0.696664
3439.217529 0.000000 1975.067627 0.000000 0.320526 0.000000 0.947240 0.253261 0.253261 0.253261
3403.369141 0.000000 1952.698730 0.000000 0.388943 0.000000 -0.921262 0.666673 0.666673 0.666673
3408.194336 0.000000 1942.551392 0.000000 0.994106 0.000000 -0.108416 0.632544 0.632544 0.632544
3406.741699 0.000000 1934.160645 0.000000 0.724061 0.000000 -0.689736 0.890728 0.890728 0.890728
3399.588135 0.000000 1945.652954 0.000000 0.801055 0.000000 0.598590 0.354873 0.354873 0.354873
3436.880859 0.000000 1968.969727 0.000000 0.639286 0.000000 0.768969 0.413409 0.413409 0.413409
3397.031982 0.000000 1947.636108 0.000000 0.563397 0.000000 -0.826187 0.728167 0.728167 0.728167
3417.253906 0.000000 1972.222534 0.000000 0.572948 0.000000 -0.819592 0.880616 0.880616 0.880616
3400.193359 0.000000 1942.839600 0.000000 0.025270 0.000000 -0.999681 1.086168 1.086168 1.086168
3436.212891 0.000000 1974.799438 0.000000 0.250646 0.000000 0.968079 0.398709 0.398709 0.398709
3404.764893 0.000000 1946.597168 0.000000 0.733699 0.000000 0.679474 0.340387 0.340387 0.340387
3414.708496 0.000000 1936.319946 0.000000 0.880540 0.000000 0.473973 0.428396 0.428396 0.428396
3444.296875 0.000000 1979.612915 0.000000 0.713579 0.000000 0.700574 0.396528 0.396528 0.396528
3422.584229 0.000000 1953.080933 0.000000 0.826044 0.000000 -0.563605 0.810766 0.810766 0.810766
3422.030518 0.000000 1970.448608 0.000000 0.820097 0.000000 0.572224 0.444865 0.444865 0.444865
3438.848389 0.000000 1969.994141 0.000000 0.988562 0.000000 0.150818 0.575735 0.575735 0.575735
3416.537842 0.000000 1968.223877 0.000000 0.399604 0.000000 0.916688 0.210875 0.210875 0.210875
3408.820557 0.000000 1934.577637 0.000000 0.115368 0.000000 -0.993323 1.155834 1.155834 1.155834
3449.182617 0.000000 1976.264160 0.000000 0.860621 0.000000 -0.509245 0.710449 0.710449 0.710449
3412.823730 0.000000 1935.239868 0.000000 0.164569 0.000000 0.986365 0.359996 0.359996 0.359996
3403.285400 0.000000 1950.840454 0.000000 0.306773 0.000000 -0.951783 0.852709 0.852709 0.852709
3416.802002 0.000000 1960.812134 0.000000 0.386198 0.000000 -0.922416 0.979945 0.979945 0.979945
3402.206299 0.000000 1940.008423 0.000000 0.726931 0.000000 0.686710 0.410645 0.410645 0.410645
3405.241943 0.000000 1935.136353 0.000000 0.572201 0.000000 0.820114 0.450196 0.450196 0.450196
3418.284180 0.000000 1957.600098 0.000000 0.960108 0.000000 0.279631 0.562642 0.562642 0.562642
3398.752441 0.000000 1947.214355 0.000000 0.569487 0.000000 -0.822000 0.812470 0.812470 0.812470
3413.983398 0.000000 1937.953003 0.000000 0.602574 0.000000 -0.798063 0.825624 0.825624 0.825624
3404.753906 0.000000 1938.654053 0.000000 0.916408 0.000000 0.400246 0.442710 0.442710 0.442710
3447.182373 0.000000 1975.562134 0.000000 0.521862 0.000000 0.853030 0.209715 0.209715 0.209715
3407.077637 0.000000 1940.651123 0.000000 0.434472 0.000000 -0.900685 0.762930 0.762930 0.762930
3398.553955 0.000000 1944.340698 0.000000 0.572283 0.000000 -0.820056 0.967269 0.967269 0.967269
3410.527344 0.000000 1936.916504 0.000000 0.253274 0.000000 0.967394 0.296716 0.296716 0.296716
3400.375000 0.000000 1947.124023 0.000000 0.979217 0.000000 0.202817 0.560535 0.560535 0.560535
3416.289795 0.000000 1966.453003 0.000000 0.998656 0.000000 -0.051830 0.606991 0.606991 0.606991
3401.567627 0.000000 1945.869019 0.000000 0.041624 0.000000 -0.999133 0.856544 0.856544 0.856544
3417.422852 0.000000 1973.774292 0.000000 0.705497 0.000000 0.708713 0.369924 0.369924 0.369924
3403.416504 0.000000 1954.322998 0.000000 0.566035 0.000000 0.824381 0.467899 0.467899 0.467899
3404.448975 0.000000 1945.075562 0.000000 0.450116 0.000000 -0.892970 1.021659 1.021659 1.021659
3421.413330 0.000000 1954.083984 0.000000 0.620988 0.000000 -0.783820 0.755172 0.755172 0.755172
3423.311035 0.000000 1951.295898 0.000000 0.918675 0.000000 0.395013 0.519707 0.519707 0.519707
3418.309326 0.000000 1959.957397 0.000000 0.779647 0.000000 -0.626220 0.840233 0.840233 0.840233
3409.529785 0.000000 1935.852051 0.000000 0.871608 0.000000 -0.490204 0.795693 0.795693 0.795693
3403.271973 0.000000 1943.283203 0.000000 0.257543 0.000000 -0.966267 0.967037 0.967037 0.967037
3415.312012 0.000000 1937.557739 0.000000 0.999802 0.000000 0.019905 0.593082 0.593082 0.593082
3411.807373 0.000000 1936.162842 0.000000 0.524594 0.000000 0.851353 0.365038 0.365038 0.365038
3413.399414 0.000000 1936.539917 0.000000 0.492836 0.000000 -0.870122 0.857701 0.857701 0.857701
3420.421875 0.000000 1973.254883 0.000000 0.356683 0.000000 -0.934225 0.861960 0.861960 0.861960
3409.534912 0.000000 1943.473022 0.000000 0.651976 0.000000 -0.758240 0.857826 0.857826 0.857826
3408.652344 0.000000 2000.933228 0.000000 0.830884 0.000000 0.556445 0.400232 0.400232 0.400232
3416.601074 0.000000 2005.847778 0.000000 0.950272 0.000000 0.311420 0.532639 0.532639 0.532639
3444.469971 0.000000 1990.818848 0.000000 0.732678 0.000000 0.680576 0.445265 0.445265 0.445265
3414.313477 0.000000 1997.835327 0.000000 0.559719 0.000000 0.828683 0.364441 0.364441 0.364441
3438.158691 0.000000 2000.846436 0.000000 0.028307 0.000000 0.999599 0.576895 0.576895 0.576895
3424.281006 0.000000 1989.560791 0.000000 0.001916 0.000000 0.999998 0.435495 0.435495 0.435495
3453.367188 0.000000 1999.981689 0.000000 0.673538 0.000000 0.739153 0.465433 0.465433 0.465433
3409.960693 0.000000 1996.823730 0.000000 0.993767 0.000000 0.111481 0.593809 0.593809 0.593809
3418.914551 0.000000 1995.408203 0.000000 0.851317 0.000000 0.524652 0.505686 0.505686 0.505686
3408.194336 0.000000 2006.535767 0.000000 0.728724 0.000000 -0.684808 0.849719 0.849719 0.849719
3442.594727 0.000000 1993.687622 0.000000 0.610829 0.000000 -0.791763 0.764237 0.764237 0.764237
3426.566406 0.000000 1987.221313 0.000000 0.993419 0.000000 0.114533 0.579883 0.579883 0.579883
3454.442627 0.000000 1996.906372 0.000000 0.053125 0.000000 0.998588 0.484060 0.484060 0.484060
3441.192139 0.000000 1999.813110 0.000000 0.551345 0.000000 0.834277 0.409314 0.409314 0.409314
3408.917725 0.000000 1993.805054 0.000000 0.569393 0.000000 0.822066 0.397624 0.397624 0.397624
3414.708496 0.000000 2000.304321 0.000000 0.173229 0.000000 0.984882 0.451458 0.451458 0.451458
3445.919189 0.000000 1992.537720 0.000000 0.419608 0.000000 0.907705 0.398891 0.398891 0.398891
3412.136230 0.000000 1997.182495 0.000000 0.978632 0.000000 0.205617 0.563705 0.563705 0.563705
3455.415527 0.000000 1998.876099 0.000000 0.582651 0.000000 0.812722 0.237582 0.237582 0.237582
3408.891602 0.000000 2011.985229 0.000000 0.988738 0.000000 -0.149655 0.649954 0.649954 0.649954
3423.951416 0.000000 1987.368286 0.000000 0.945659 0.000000 -0.325159 0.684830 0.684830 0.684830
3408.820557 0.000000 1998.562012 0.000000 0.737757 0.000000 0.675067 0.346909 0.346909 0.346909
3412.823730 0.000000 1999.224243 0.000000 0.965321 0.000000 -0.261067 0.649456 0.649456 0.649456
3413.275391 0.000000 2005.023560 0.000000 0.053165 0.000000 0.998586 0.161260 0.161260 0.161260
3422.333984 0.000000 1986.514160 0.000000 0.881349 0.000000 -0.472465 0.726046 0.726046 0.726046
3409.492432 0.000000 2009.879639 0.000000 0.999347 0.000000 0.036134 0.588577 0.588577 0.588577
3414.709717 0.000000 1994.833618 0.000000 0.691779 0.000000 -0.722109 0.723277 0.723277 0.723277
3444.199219 0.000000 1992.517212 0.000000 0.394343 0.000000 -0.918964 0.805999 0.805999 0.805999
3420.347656 0.000000 1987.137085 0.000000 0.221271 0.000000 -0.975212 0.753423 0.753423 0.753423
3423.918457 0.000000 2001.099976 0.000000 0.823463 0.000000 -0.567370 0.688564 0.688564 0.688564
3420.991211 0.000000 1995.307373 0.000000 0.825080 0.000000 -0.565016 0.814066 0.814066 0.814066
3440.656006 0.000000 1998.314697 0.000000 0.798415 0.000000 -0.602108 0.724855 0.724855 0.724855
3409.529785 0.000000 1999.836426 0.000000 0.634907 0.000000 -0.772589 0.901538 0.901538 0.901538
3415.865479 0.000000 2004.167480 0.000000 0.766589 0.000000 -0.642138 0.786962 0.786962 0.786962
3411.829834 0.000000 1993.868042 0.000000 0.966148 0.000000 -0.257989 0.684428 0.684428 0.684428
3410.240479 0.000000 1993.502686 0.000000 0.659167 0.000000 0.751996 0.324629 0.324629 0.324629
3409.534912 0.000000 2007.457397 0.000000 0.101227 0.000000 -0.994863 1.086432 1.086432 1.086432
3478.551514 0.000000 1950.963135 0.000000 0.089549 0.000000 -0.995982 0.608874 0.608874 0.608874
3498.563232 0.000000 1927.477905 0.000000 0.456875 0.000000 -0.889531 0.673899 0.673899 0.673899
3477.152588 0.000000 1919.885254 0.000000 0.994560 0.000000 0.104166 0.562953 0.562953 0.562953
3515.242432 0.000000 1925.908813 0.000000 0.941747 0.000000 -0.336323 0.725368 0.725368 0.725368
3485.082520 0.000000 1921.254883 0.000000 0.727919 0.000000 -0.685663 0.839922 0.839922 0.839922
3497.012939 0.000000 1921.602417 0.000000 0.978286 0.000000 -0.207261 0.604065 0.604065 0.604065
3489.245605 0.000000 1960.399780 0.000000 0.931471 0.000000 0.363815 0.502948 0.502948 0.502948
3470.946533 0.000000 1960.191162 0.000000 0.186288 0.000000 -0.982495 1.115992 1.115992 1.115992
3517.593750 0.000000 1949.432617 0.000000 0.378330 0.000000 -0.925671 0.745284 0.745284 0.745284
3491.591797 0.000000 1956.671997 0.000000 0.281958 0.000000 -0.959427 0.753983 0.753983 0.753983
3471.360352 0.000000 1956.429688 0.000000 0.952096 0.000000 -0.305799 0.659587 0.659587 0.659587
3503.286377 0.000000 1981.732422 0.000000 0.880579 0.000000 0.473899 0.455049 0.455049 0.455049
3509.947998 0.000000 1974.306274 0.000000 0.476306 0.000000 0.879280 0.540456 0.540456 0.540456
3488.522949 0.000000 1957.448975 0.000000 0.222076 0.000000 -0.975029 0.856221 0.856221 0.856221
3480.407715 0.000000 1953.202393 0.000000 0.997495 0.000000 -0.070733 0.622163 0.622163 0.622163
3500.205078 0.000000 1974.799438 0.000000 0.565714 0.000000 0.824601 0.354572 0.354572 0.354572
3484.285645 0.000000 1945.832153 0.000000 0.708374 0.000000 0.705837 0.300685 0.300685 0.300685
3481.088623 0.000000 1950.000122 0.000000 0.543910 0.000000 -0.839143 0.667117 0.667117 0.667117
3498.889160 0.000000 1980.018799 0.000000 0.426513 0.000000 -0.904481 1.031690 1.031690 1.031690
3491.118164 0.000000 1950.774780 0.000000 0.622468 0.000000 0.782645 0.478816 0.478816 0.478816
3483.754883 0.000000 1963.532349 0.000000 0.223638 0.000000 -0.974672 0.934505 0.934505 0.934505
3469.146729 0.000000 1958.482544 0.000000 0.726830 0.000000 0.686817 0.517212 0.517212 0.517212
3501.477783 0.000000 1980.038086 0.000000 0.545344 0.000000 -0.838212 0.979679 0.979679 0.979679
3512.790527 0.000000 1944.796021 0.000000 0.414300 0.000000 -0.910141 0.875804 0.875804 0.875804
3497.502441 0.000000 1983.462402 0.000000 0.968622 0.000000 -0.248537 0.689167 0.689167 0.689167
3483.754150 0.000000 1937.109985 0.000000 0.982880 0.000000 0.184246 0.551702 0.551702 0.551702
3507.480713 0.000000 1936.060059 0.000000 0.157385 0.000000 0.987537 0.415890 0.415890 0.415890
3487.387939 0.000000 1961.752930 0.000000 0.746794 0.000000 -0.665056 0.705715 0.705715 0.705715
3506.053711 0.000000 1945.713257 0.000000 0.718772 0.000000 0.695246 0.337446 0.337446 0.337446
3498.531250 0.000000 1976.900146 0.000000 0.947394 0.000000 -0.320069 0.649291 0.649291 0.649291
3515.900391 0.000000 1950.845581 0.000000 0.160418 0.000000 0.987049 0.327603 0.327603 0.327603
3487.943604 0.000000 1923.383911 0.000000 0.770466 0.000000 0.637481 0.380494 0.380494 0.380494
3518.807861 0.000000 1951.127319 0.000000 0.954659 0.000000 0.297700 0.576455 0.576455 0.576455
3501.960938 0.000000 1983.188721 0.000000 0.988993 0.000000 0.147964 0.567521 0.567521 0.567521
3509.936768 0.000000 1945.065674 0.000000 0.526768 0.000000 0.850009 0.409763 0.409763 0.409763
3502.168457 0.000000 1976.701416 0.000000 0.263426 0.000000 0.964680 0.162386 0.162386 0.162386
3469.040039 0.000000 1960.598633 0.000000 0.915331 0.000000 0.402702 0.532949 0.532949 0.532949
3494.611816 0.000000 1923.773804 0.000000 0.780681 0.000000 0.624930 0.444281 0.444281 0.444281
3506.687744 0.000000 1934.321533 0.000000 0.162291 0.000000 0.986743 0.180356 0.180356 0.180356
3506.745605 0.000000 1931.643188 0.000000 0.710528 0.000000 0.703669 0.458526 0.458526 0.458526
3486.326172 0.000000 1922.529785 0.000000 0.988168 0.000000 0.153373 0.551102 0.551102 0.551102
3477.634766 0.000000 1923.878296 0.000000 0.993053 0.000000 -0.117671 0.612897 0.612897 0.612897
3515.754395 0.000000 1924.242798 0.000000 0.956885 0.000000 -0.290469 0.707717 0.707717 0.707717
3484.793457 0.000000 1947.510132 0.000000 0.895862 0.000000 -0.444333 0.714489 0.714489 0.714489
3495.378174 0.000000 1921.261230 0.000000 0.736133 0.000000 -0.676836 0.744774 0.744774 0.744774
3511.056641 0.000000 1973.074463 0.000000 0.595742 0.000000 -0.803176 0.956230 0.956230 0.956230
3491.197754 0.000000 1949.124390 0.000000 0.999940 0.000000 -0.010956 0.603167 0.603167 0.603167
3489.282959 0.000000 1924.250854 0.000000 0.033953 0.000000 0.999423 0.134981 0.134981 0.134981
3472.437012 0.000000 1960.894043 0.000000 0.894546 0.000000 -0.446976 0.692317 0.692317 0.692317
3512.488281 0.000000 1943.248535 0.000000 0.742040 0.000000 -0.670355 0.750770 0.750770 0.750770
3498.967041 0.000000 1978.425903 0.000000 0.452825 0.000000 -0.891599 1.020500 1.020500 1.020500
3504.317383 0.000000 1942.968384 0.000000 0.732085 0.000000 0.681213 0.422633 0.422633 0.422633
3489.771729 0.000000 1926.154663 0.000000 0.917608 0.000000 0.397487 0.470801 0.470801 0.470801
3501.542725 0.000000 1981.618896 0.000000 0.395736 0.000000 0.918364 0.155413 0.155413 0.155413
3457.329834 0.000000 1971.701904 0.000000 0.637036 0.000000 -0.770834 0.738432 0.738432 0.738432
3501.912842 0.000000 1978.385254 0.000000 0.556056 0.000000 0.831145 0.225223 0.225223 0.225223
3470.255615 0.000000 1961.523560 0.000000 0.999410 0.000000 -0.034338 0.612810 0.612810 0.612810
3503.803223 0.000000 1976.452637 0.000000 0.928738 0.000000 0.370737 0.472562 0.472562 0.472562
3482.321533 0.000000 1937.667114 0.000000 0.274606 0.000000 -0.961557 0.936907 0.936907 0.936907
3488.933105 0.000000 1958.874268 0.000000 0.957808 0.000000 0.287410 0.500437 0.500437 0.500437
3502.386963 0.000000 1919.596924 0.000000 0.384789 0.000000 -0.923005 0.964587 0.964587 0.964587
3485.680420 0.000000 1946.388916 0.000000 0.946548 0.000000 0.322563 0.518332 0.518332 0.518332
3513.856689 0.000000 1973.834106 0.000000 0.682454 0.000000 -0.730929 0.913095 0.913095 0.913095
3501.707031 0.000000 1975.356201 0.000000 0.747377 0.000000 -0.664400 0.783962 0.783962 0.783962
3505.506592 0.000000 1944.410645 0.000000 0.545093 0.000000 -0.838375 0.875536 0.875536 0.875536
3498.707031 0.000000 1982.767578 0.000000 0.653011 0.000000 -0.757349 0.928207 0.928207 0.928207
3483.822021 0.000000 1961.979248 0.000000 0.201197 0.000000 -0.979551 0.880780 0.880780 0.880780
3507.488037 0.000000 1945.933594 0.000000 0.978580 0.000000 0.205869 0.529184 0.529184 0.529184
3502.772217 0.000000 1979.545532 0.000000 0.808991 0.000000 0.587822 0.439989 0.439989 0.439989
3564.785889 0.000000 1955.920776 0.000000 0.442489 0.000000 0.896774 0.456695 0.456695 0.456695
3524.931396 0.000000 1943.857666 0.000000 0.907826 0.000000 0.419347 0.590925 0.590925 0.590925
3573.682861 0.000000 1935.312256 0.000000 0.356423 0.000000 0.934325 0.520490 0.520490 0.520490
3547.138916 0.000000 1951.781494 0.000000 0.999832 0.000000 -0.018341 0.600330 0.600330 0.600330
3531.628662 0.000000 1965.185303 0.000000 0.034209 0.000000 -0.999415 0.915331 0.915331 0.915331
3570.624268 0.000000 1938.260864 0.000000 0.013179 0.000000 0.999913 0.488006 0.488006 0.488006
3524.838867 0.000000 1961.205444 0.000000 0.834940 0.000000 -0.550341 0.806017 0.806017 0.806017
3519.645020 0.000000 1950.606689 0.000000 0.615597 0.000000 0.788061 0.529301 0.529301 0.529301
3549.962891 0.000000 1950.851685 0.000000 0.111107 0.000000 -0.993808 0.772707 0.772707 0.772707
3548.277832 0.000000 1945.832153 0.000000 0.913410 0.000000 -0.407040 0.648352 0.648352 0.648352
3569.176514 0.000000 1935.828735 0.000000 0.800430 0.000000 -0.599427 0.630811 0.630811 0.630811
3562.477051 0.000000 1944.148193 0.000000 0.676022 0.000000 -0.736881 0.685626 0.685626 0.685626
3525.315430 0.000000 1954.911865 0.000000 0.591226 0.000000 -0.806506 0.660432 0.660432 0.660432
3546.520996 0.000000 1943.778076 0.000000 0.920516 0.000000 -0.390706 0.672152 0.672152 0.672152
3530.542236 0.000000 1963.205933 0.000000 0.901883 0.000000 0.431981 0.497627 0.497627 0.497627
3569.194336 0.000000 1957.069824 0.000000 0.846537 0.000000 0.532330 0.452008 0.452008 0.452008
3548.351318 0.000000 1932.785522 0.000000 0.999957 0.000000 0.009317 0.598688 0.598688 0.598688
3540.979492 0.000000 1958.142944 0.000000 0.054434 0.000000 -0.998517 0.890735 0.890735 0.890735
3560.758545 0.000000 1943.816284 0.000000 0.836402 0.000000 -0.548116 0.770317 0.770317 0.770317
3523.861572 0.000000 1956.018921 0.000000 0.085330 0.000000 0.996353 0.437577 0.437577 0.437577
3525.954346 0.000000 1962.569580 0.000000 0.979808 0.000000 0.199943 0.569244 0.569244 0.569244
3523.273682 0.000000 1944.307007 0.000000 0.187981 0.000000 0.982173 0.401311 0.401311 0.401311
3548.969971 0.000000 1941.208130 0.000000 0.782273 0.000000 0.622936 0.478112 0.478112 0.478112
3564.686523 0.000000 1954.259399 0.000000 0.299849 0.000000 -0.953987 0.763122 0.763122 0.763122
3548.975586 0.000000 1931.322998 0.000000 0.515377 0.000000 -0.856964 0.845161 0.845161 0.845161
3536.429199 0.000000 1960.894043 0.000000 0.044374 0.000000 -0.999015 0.917817 0.917817 0.917817
3525.853027 0.000000 1956.393799 0.000000 0.773367 0.000000 -0.633959 0.785143 0.785143 0.785143
3531.400879 0.000000 1954.322998 0.000000 0.996612 0.000000 0.082251 0.577798 0.577798 0.577798
3547.647217 0.000000 1942.450562 0.000000 0.891330 0.000000 0.453355 0.515422 0.515422 0.515422
3531.279053 0.000000 1955.851318 0.000000 0.842965 0.000000 -0.537968 0.753155 0.753155 0.753155
3562.357178 0.000000 1953.321045 0.000000 0.994717 0.000000 -0.102651 0.621873 0.621873 0.621873
3566.484863 0.000000 1938.768921 0.000000 0.048441 0.000000 -0.998826 1.181490 1.181490 1.181490
3570.286865 0.000000 1936.812622 0.000000 0.353974 0.000000 -0.935255 1.061796 1.061796 1.061796
3572.829102 0.000000 1936.423828 0.000000 0.001764 0.000000 -0.999998 1.093563 1.093563 1.093563
3565.474121 0.000000 1953.126709 0.000000 0.978314 0.000000 -0.207125 0.651879 0.651879 0.651879
3538.891113 0.000000 1959.112427 0.000000 0.997390 0.000000 -0.072204 0.623382 0.623382 0.623382
3533.159668 0.000000 1965.400024 0.000000 0.443524 0.000000 -0.896262 0.952896 0.952896 0.952896
3571.599609 0.000000 1937.369263 0.000000 0.762990 0.000000 0.646411 0.331523 0.331523 0.331523
3457.080322 0.000000 1999.372070 0.000000 0.842767 0.000000 0.538279 0.534441 0.534441 0.534441
3503.128174 0.000000 1984.943726 0.000000 0.407968 0.000000 0.912996 0.453505 0.453505 0.453505
3497.012939 0.000000 1985.586792 0.000000 0.943270 0.000000 -0.332026 0.729279 0.729279 0.729279
3481.282471 0.000000 2039.307495 0.000000 0.881767 0.000000 0.471685 0.593378 0.593378 0.593378
3466.749756 0.000000 2008.586792 0.000000 0.502645 0.000000 0.864493 0.348188 0.348188 0.348188
3475.453857 0.000000 2004.994507 0.000000 0.940629 0.000000 0.339436 0.557462 0.557462 0.557462
3484.246338 0.000000 2035.925293 0.000000 0.225525 0.000000 0.974237 0.483293 0.483293 0.483293
3514.762451 0.000000 2039.076904 0.000000 0.999980 0.000000 -0.006350 0.600885 0.600885 0.600885
3501.101807 0.000000 1988.441650 0.000000 0.999400 0.000000 -0.034649 0.607164 0.607164 0.607164
3509.567139 0.000000 2045.581787 0.000000 0.644857 0.000000 0.764304 0.528327 0.528327 0.528327
3455.698975 0.000000 1996.003174 0.000000 0.852900 0.000000 -0.522075 0.641962 0.641962 0.641962
3506.431152 0.000000 2047.490723 0.000000 0.841398 0.000000 -0.540416 0.663286 0.663286 0.663286
3499.894043 0.000000 1983.668579 0.000000 0.562342 0.000000 0.826904 0.228120 0.228120 0.228120
3477.796387 0.000000 2019.783813 0.000000 0.911676 0.000000 0.410909 0.565114 0.565114 0.565114
3509.947998 0.000000 2038.290649 0.000000 0.616700 0.000000 0.787199 0.462892 0.462892 0.462892
3514.558350 0.000000 1994.068726 0.000000 0.946988 0.000000 -0.321268 0.613718 0.613718 0.613718
3509.212646 0.000000 2022.768311 0.000000 0.995962 0.000000 0.089771 0.593133 0.593133 0.593133
3510.336914 0.000000 2032.040405 0.000000 0.920369 0.000000 -0.391052 0.719764 0.719764 0.719764
3514.132568 0.000000 2041.943726 0.000000 0.602579 0.000000 0.798060 0.247032 0.247032 0.247032
3466.095215 0.000000 2011.352295 0.000000 0.437032 0.000000 -0.899446 0.668693 0.668693 0.668693
3516.801025 0.000000 2041.304810 0.000000 0.884729 0.000000 -0.466105 0.691516 0.691516 0.691516
3481.088623 0.000000 2013.984497 0.000000 0.952974 0.000000 0.303053 0.522518 0.522518 0.522518
3506.446533 0.000000 2031.764404 0.000000 0.983496 0.000000 -0.180931 0.640334 0.640334 0.640334
3484.754639 0.000000 2029.819214 0.000000 0.785234 0.000000 0.619199 0.519984 0.519984 0.519984
3505.403076 0.000000 2040.455200 0.000000 0.102567 0.000000 0.994726 0.085426 0.085426 0.085426
3512.438721 0.000000 2038.375977 0.000000 0.996568 0.000000 0.082775 0.588332 0.588332 0.588332
3509.761475 0.000000 2035.862305 0.000000 0.029416 0.000000 0.999567 0.493792 0.493792 0.493792
3497.502441 0.000000 2047.446777 0.000000 0.024805 0.000000 0.999692 0.301264 0.301264 0.301264
3509.566650 0.000000 2020.520142 0.000000 0.999712 0.000000 0.023983 0.592240 0.592240 0.592240
3487.387939 0.000000 2025.737305 0.000000 0.929445 0.000000 -0.368960 0.646416 0.646416 0.646416
3507.383301 0.000000 2045.548706 0.000000 0.999900 0.000000 -0.014162 0.604773 0.604773 0.604773
3506.207275 0.000000 2029.720581 0.000000 0.830037 0.000000 0.557708 0.471500 0.471500 0.471500
3462.876709 0.000000 1990.063965 0.000000 0.689712 0.000000 -0.724084 0.687327 0.687327 0.687327
3484.189941 0.000000 1989.308472 0.000000 0.774076 0.000000 0.633092 0.452127 0.452127 0.452127
3505.213135 0.000000 2033.176392 0.000000 0.166469 0.000000 0.986047 0.118547 0.118547 0.118547
3474.000488 0.000000 2006.205688 0.000000 0.645911 0.000000 0.763412 0.377517 0.377517 0.377517
3508.345947 0.000000 2037.063599 0.000000 0.763959 0.000000 -0.645265 0.744983 0.744983 0.744983
3480.794189 0.000000 2024.796509 0.000000 0.810896 0.000000 -0.585190 0.817240 0.817240 0.817240
3498.046875 0.000000 1984.118286 0.000000 0.835796 0.000000 -0.549039 0.822008 0.822008 0.822008
3497.326416 0.000000 1987.330688 0.000000 0.900382 0.000000 -0.435101 0.669452 0.669452 0.669452
3479.003418 0.000000 2005.211914 0.000000 0.614361 0.000000 -0.789025 0.850598 0.850598 0.850598
3512.482910 0.000000 2042.390991 0.000000 0.923993 0.000000 -0.382410 0.681115 0.681115 0.681115
3516.296875 0.000000 2033.524902 0.000000 0.072046 0.000000 -0.997401 0.815513 0.815513 0.815513
3516.139893 0.000000 2035.294556 0.000000 0.200854 0.000000 -0.979621 0.909553 0.909553 0.909553
3516.882324 0.000000 2045.967529 0.000000 0.936557 0.000000 0.350516 0.471790 0.471790 0.471790
3482.592773 0.000000 1989.806396 0.000000 0.760315 0.000000 0.649555 0.437968 0.437968 0.437968
3459.339600 0.000000 2011.461426 0.000000 0.627196 0.000000 -0.778862 0.741767 0.741767 0.741767
3455.644775 0.000000 1998.517944 0.000000 0.073462 0.000000 0.997298 0.028086 0.028086 0.028086
3509.097656 0.000000 2047.146973 0.000000 0.844955 0.000000 0.534838 0.384447 0.384447 0.384447
3515.225586 0.000000 2040.719727 0.000000 0.810975 0.000000 -0.585080 0.838724 0.838724 0.838724
3482.650879 0.000000 2031.341309 0.000000 0.048846 0.000000 0.998806 0.378865 0.378865 0.378865
3507.734863 0.000000 2023.521240 0.000000 0.306845 0.000000 -0.951760 1.020527 1.020527 1.020527
3465.559814 0.000000 2009.853394 0.000000 0.028402 0.000000 -0.999597 0.828729 0.828729 0.828729
3480.591797 0.000000 2012.430786 0.000000 0.988793 0.000000 -0.149294 0.637711 0.637711 0.637711
3517.206787 0.000000 2042.846313 0.000000 0.895904 0.000000 0.444247 0.433130 0.433130 0.433130
3507.731201 0.000000 2028.411987 0.000000 0.920475 0.000000 -0.390803 0.687206 0.687206 0.687206
3484.227295 0.000000 2024.227539 0.000000 0.956089 0.000000 0.293077 0.521583 0.521583 0.521583
3479.538086 0.000000 2020.493164 0.000000 0.563525 0.000000 0.826099 0.423799 0.423799 0.423799
3483.822021 0.000000 2025.963623 0.000000 0.640669 0.000000 -0.767818 0.872756 0.872756 0.872756
3500.033936 0.000000 1987.611328 0.000000 0.485230 0.000000 0.874386 0.413496 0.413496 0.413496
3479.857666 0.000000 2004.167480 0.000000 0.999315 0.000000 0.037000 0.589800 0.589800 0.589800
3477.300293 0.000000 2024.530273 0.000000 0.830599 0.000000 0.556871 0.473488 0.473488 0.473488
3499.154785 0.000000 1984.897949 0.000000 0.870769 0.000000 0.491693 0.403654 0.403654 0.403654
3507.639160 0.000000 2031.083496 0.000000 0.150639 0.000000 0.988589 0.285288 0.285288 0.285288
3512.675781 0.000000 2044.539795 0.000000 0.757189 0.000000 0.653196 0.449663 0.449663 0.449663
3498.211914 0.000000 1986.205200 0.000000 0.823439 0.000000 0.567405 0.369537 0.369537 0.369537
3491.100830 0.000000 2058.644775 0.000000 0.197891 0.000000 0.980224 0.367836 0.367836 0.367836
3491.866943 0.000000 2064.050049 0.000000 0.924887 0.000000 -0.380242 0.667192 0.667192 0.667192
3488.240479 0.000000 2062.903564 0.000000 0.965801 0.000000 -0.259284 0.627894 0.627894 0.627894
3490.776123 0.000000 2055.386230 0.000000 0.186448 0.000000 0.982465 0.533696 0.533696 0.533696
3507.518799 0.000000 2047.936768 0.000000 0.109679 0.000000 -0.993967 0.761936 0.761936 0.761936
3481.381836 0.000000 2062.033691 0.000000 0.998950 0.000000 -0.045804 0.616953 0.616953 0.616953
3491.729736 0.000000 2066.857666 0.000000 0.641349 0.000000 0.767249 0.546290 0.546290 0.546290
3486.301025 0.000000 2064.645508 0.000000 0.691846 0.000000 -0.722045 0.708761 0.708761 0.708761
3514.000977 0.000000 2051.797119 0.000000 0.236882 0.000000 -0.971538 0.773539 0.773539 0.773539
3488.882568 0.000000 2059.579102 0.000000 0.468115 0.000000 0.883667 0.419823 0.419823 0.419823
3476.128418 0.000000 2061.166992 0.000000 0.997273 0.000000 -0.073803 0.620913 0.620913 0.620913
3487.943604 0.000000 2051.352783 0.000000 0.988815 0.000000 0.149144 0.545957 0.545957 0.545957
3476.815918 0.000000 2063.208740 0.000000 0.552887 0.000000 -0.833256 0.704755 0.704755 0.704755
3482.145264 0.000000 2063.818115 0.000000 0.137823 0.000000 -0.990457 0.945479 0.945479 0.945479
3490.028076 0.000000 2063.561035 0.000000 0.976479 0.000000 0.215615 0.560611 0.560611 0.560611
3480.327148 0.000000 2063.496338 0.000000 0.555100 0.000000 0.831784 0.236556 0.236556 0.236556
3486.326172 0.000000 2050.498535 0.000000 0.189073 0.000000 0.981963 0.101610 0.101610 0.101610
3481.609375 0.000000 2060.367676 0.000000 0.857480 0.000000 -0.514517 0.806435 0.806435 0.806435
3491.904053 0.000000 2062.402344 0.000000 0.049969 0.000000 0.998751 0.324355 0.324355 0.324355
3491.107422 0.000000 2065.404785 0.000000 0.164709 0.000000 -0.986342 0.842085 0.842085 0.842085
3478.023682 0.000000 2060.209961 0.000000 0.012318 0.000000 0.999924 0.091081 0.091081 0.091081
3479.792725 0.000000 2062.067871 0.000000 0.980741 0.000000 0.195314 0.524913 0.524913 0.524913
3513.055664 0.000000 2050.639404 0.000000 0.794102 0.000000 -0.607784 0.802559 0.802559 0.802559
3490.261475 0.000000 2059.851318 0.000000 0.590824 0.000000 0.806800 0.441107 0.441107 0.441107
3484.906738 0.000000 2064.147705 0.000000 0.716966 0.000000 -0.697108 0.851885 0.851885 0.851885
3510.301270 0.000000 2049.585693 0.000000 0.486138 0.000000 0.873882 0.230541 0.230541 0.230541
3486.417969 0.000000 2067.634521 0.000000 0.246692 0.000000 0.969094 0.241700 0.241700 0.241700
3509.364746 0.000000 2047.553833 0.000000 0.965803 0.000000 -0.259277 0.700181 0.700181 0.700181
3526.394775 0.000000 2062.403564 0.000000 0.187777 0.000000 -0.982212 0.918778 0.918778 0.918778
3525.044434 0.000000 2060.786133 0.000000 0.877719 0.000000 0.479175 0.491462 0.491462 0.491462
3527.847412 0.000000 2063.189453 0.000000 0.754442 0.000000 0.656367 0.434834 0.434834 0.434834
"}
object={
	name="tree_leaf_2_high_generator_1_1"
	clamp_to_water_level=no
	render_under_water=no
	generated_content=yes
	layer="tree_high_layer"
	pdxmesh="tree_leaf_01_b_mesh"
	count=309
	transform="3484.082275 0.000000 1918.520142 0.000000 0.965826 0.000000 0.259190 0.571723 0.571723 0.571723
3466.814453 0.000000 1915.096924 0.000000 0.105974 0.000000 -0.994369 0.764543 0.764543 0.764543
3474.181152 0.000000 1914.942871 0.000000 0.604353 0.000000 0.796716 0.470200 0.470200 0.470200
3478.554688 0.000000 1915.649536 0.000000 0.692223 0.000000 0.721684 0.498555 0.498555 0.498555
3476.792236 0.000000 1916.542725 0.000000 0.907763 0.000000 -0.419484 0.757566 0.757566 0.757566
3475.339600 0.000000 1910.369629 0.000000 0.913196 0.000000 0.407520 0.491857 0.491857 0.491857
3503.781250 0.000000 1919.384644 0.000000 0.941060 0.000000 0.338238 0.493012 0.493012 0.493012
3478.205078 0.000000 1916.905518 0.000000 0.548108 0.000000 0.836408 0.221582 0.221582 0.221582
3408.652344 0.000000 1936.948853 0.000000 0.518624 0.000000 0.855002 0.231310 0.231310 0.231310
3418.555420 0.000000 1961.336792 0.000000 0.006937 0.000000 0.999976 0.431336 0.431336 0.431336
3437.229248 0.000000 1971.986572 0.000000 0.167419 0.000000 0.985886 0.194512 0.194512 0.194512
3415.256836 0.000000 1969.946777 0.000000 0.299144 0.000000 -0.954208 0.677813 0.677813 0.677813
3407.791748 0.000000 1946.118896 0.000000 0.942862 0.000000 0.333183 0.542504 0.542504 0.542504
3422.301758 0.000000 1955.339966 0.000000 0.795496 0.000000 0.605959 0.531742 0.531742 0.531742
3447.239990 0.000000 1977.281738 0.000000 0.928521 0.000000 0.371281 0.512821 0.512821 0.512821
3396.947021 0.000000 1943.857666 0.000000 0.858392 0.000000 -0.512994 0.606455 0.606455 0.606455
3402.757568 0.000000 1944.602417 0.000000 0.116691 0.000000 -0.993168 1.116126 1.116126 1.116126
3412.366211 0.000000 1937.374756 0.000000 0.619757 0.000000 0.784794 0.379677 0.379677 0.379677
3445.955811 0.000000 1974.306274 0.000000 0.026301 0.000000 -0.999654 0.738812 0.738812 0.738812
3427.737793 0.000000 1968.505493 0.000000 0.994764 0.000000 -0.102197 0.626530 0.626530 0.626530
3414.573730 0.000000 1939.568848 0.000000 0.723120 0.000000 0.690723 0.501775 0.501775 0.501775
3405.503906 0.000000 1937.115967 0.000000 0.063609 0.000000 0.997975 0.024313 0.024313 0.024313
3414.668213 0.000000 1967.004883 0.000000 0.667771 0.000000 0.744367 0.364821 0.364821 0.364821
3423.104980 0.000000 1972.495850 0.000000 0.352964 0.000000 0.935637 0.493058 0.493058 0.493058
3405.628662 0.000000 1944.094116 0.000000 0.694627 0.000000 -0.719370 0.906683 0.906683 0.906683
3413.831055 0.000000 1942.733032 0.000000 0.093454 0.000000 -0.995624 1.027061 1.027061 1.027061
3419.879883 0.000000 1956.862549 0.000000 0.999929 0.000000 0.011911 0.598430 0.598430 0.598430
3407.557129 0.000000 1949.660889 0.000000 0.586833 0.000000 0.809708 0.407760 0.407760 0.407760
3421.978516 0.000000 1950.851685 0.000000 0.248782 0.000000 0.968560 0.509089 0.509089 0.509089
3404.755371 0.000000 1955.134155 0.000000 0.920022 0.000000 -0.391868 0.687458 0.687458 0.687458
3402.803223 0.000000 1941.788696 0.000000 0.597246 0.000000 0.802058 0.367173 0.367173 0.367173
3408.627441 0.000000 1939.768677 0.000000 0.709934 0.000000 0.704268 0.403361 0.403361 0.403361
3402.982422 0.000000 1938.326660 0.000000 0.097555 0.000000 0.995230 0.348450 0.348450 0.348450
3402.103027 0.000000 1947.367920 0.000000 0.993787 0.000000 0.111294 0.585633 0.585633 0.585633
3417.111816 0.000000 1959.012451 0.000000 0.680887 0.000000 -0.732388 0.673862 0.673862 0.673862
3401.385254 0.000000 1950.945312 0.000000 0.470217 0.000000 -0.882551 0.794358 0.794358 0.794358
3410.784180 0.000000 1935.284424 0.000000 0.605375 0.000000 0.795940 0.379371 0.379371 0.379371
3425.136230 0.000000 1969.111572 0.000000 0.444057 0.000000 0.895999 0.513487 0.513487 0.513487
3447.575684 0.000000 1979.832397 0.000000 0.751672 0.000000 0.659537 0.525562 0.525562 0.525562
3448.446533 0.000000 1974.391602 0.000000 0.992110 0.000000 -0.125373 0.624478 0.624478 0.624478
3410.705566 0.000000 1938.878540 0.000000 0.145710 0.000000 -0.989327 0.860336 0.860336 0.860336
3419.351074 0.000000 1958.993408 0.000000 0.129234 0.000000 0.991614 0.088361 0.088361 0.088361
3415.873779 0.000000 1964.916748 0.000000 0.999914 0.000000 0.013080 0.597943 0.597943 0.597943
3406.090576 0.000000 1948.170044 0.000000 0.941062 0.000000 0.338235 0.529709 0.529709 0.529709
3424.122803 0.000000 1970.819824 0.000000 0.530121 0.000000 0.847922 0.302867 0.302867 0.302867
3412.588379 0.000000 1939.393555 0.000000 0.504963 0.000000 -0.863141 0.955687 0.955687 0.955687
3438.176270 0.000000 1976.701416 0.000000 0.777364 0.000000 0.629051 0.508282 0.508282 0.508282
3420.144775 0.000000 1970.035400 0.000000 0.835445 0.000000 -0.549574 0.657524 0.657524 0.657524
3445.587402 0.000000 1976.209717 0.000000 0.968566 0.000000 -0.248755 0.624854 0.624854 0.624854
3411.813477 0.000000 1942.875000 0.000000 0.175546 0.000000 -0.984471 1.132597 1.132597 1.132597
3445.868896 0.000000 1978.603638 0.000000 0.284856 0.000000 0.958570 0.263955 0.263955 0.263955
3421.638428 0.000000 1973.822266 0.000000 0.771151 0.000000 0.636653 0.450100 0.450100 0.450100
3397.468994 0.000000 1945.683472 0.000000 0.096192 0.000000 -0.995363 0.853992 0.853992 0.853992
3410.008301 0.000000 1942.221313 0.000000 0.678324 0.000000 0.734763 0.284752 0.284752 0.284752
3417.050293 0.000000 1970.308350 0.000000 0.999997 0.000000 -0.002591 0.600675 0.600675 0.600675
3404.510742 0.000000 1942.612671 0.000000 0.987045 0.000000 -0.160442 0.653826 0.653826 0.653826
3407.079834 0.000000 1936.101196 0.000000 0.198689 0.000000 0.980063 0.101042 0.101042 0.101042
3418.820312 0.000000 1973.080200 0.000000 0.339262 0.000000 -0.940692 0.941209 0.941209 0.941209
3413.275391 0.000000 1941.039185 0.000000 0.999093 0.000000 0.042579 0.592535 0.592535 0.592535
3398.241699 0.000000 1942.660156 0.000000 0.871827 0.000000 -0.489814 0.715780 0.715780 0.715780
3400.880127 0.000000 1944.461670 0.000000 0.637884 0.000000 -0.770133 0.747476 0.747476 0.747476
3426.677002 0.000000 1969.867188 0.000000 0.623321 0.000000 -0.781966 0.832661 0.832661 0.832661
3447.064453 0.000000 1973.074463 0.000000 0.549294 0.000000 0.835629 0.479969 0.479969 0.479969
3401.928955 0.000000 1943.158203 0.000000 0.371949 0.000000 0.928253 0.225766 0.225766 0.225766
3406.165527 0.000000 1945.828003 0.000000 0.210062 0.000000 0.977688 0.426947 0.426947 0.426947
3403.151611 0.000000 1946.140137 0.000000 0.599928 0.000000 -0.800054 0.719467 0.719467 0.719467
3409.962646 0.000000 1940.599854 0.000000 0.771738 0.000000 -0.635940 0.704274 0.704274 0.704274
3403.294678 0.000000 1955.851318 0.000000 0.999272 0.000000 0.038162 0.594797 0.594797 0.594797
3414.463135 0.000000 1965.449097 0.000000 0.131107 0.000000 -0.991368 0.826379 0.826379 0.826379
3403.714111 0.000000 1940.561646 0.000000 0.300708 0.000000 -0.953716 0.916535 0.916535 0.916535
3420.854980 0.000000 1955.708374 0.000000 0.541950 0.000000 0.840411 0.428076 0.428076 0.428076
3409.301758 0.000000 1938.328857 0.000000 0.347669 0.000000 0.937617 0.294063 0.294063 0.294063
3421.158936 0.000000 1957.661865 0.000000 0.891810 0.000000 0.452410 0.420677 0.420677 0.420677
3405.868164 0.000000 1949.670288 0.000000 0.790812 0.000000 0.612059 0.487524 0.487524 0.487524
3437.454834 0.000000 1970.372437 0.000000 0.207077 0.000000 0.978325 0.206185 0.206185 0.206185
3407.386230 0.000000 1947.490845 0.000000 0.631208 0.000000 0.775613 0.449745 0.449745 0.449745
3407.286377 0.000000 1937.535034 0.000000 0.823754 0.000000 0.566947 0.380585 0.380585 0.380585
3402.343262 0.000000 1951.821533 0.000000 0.921241 0.000000 0.388993 0.519804 0.519804 0.519804
3411.224609 0.000000 1992.539185 0.000000 0.998967 0.000000 0.045443 0.585292 0.585292 0.585292
3420.358398 0.000000 1998.826416 0.000000 0.832618 0.000000 0.553847 0.390738 0.390738 0.390738
3411.461670 0.000000 2004.994507 0.000000 0.996904 0.000000 0.078626 0.577010 0.577010 0.577010
3414.573730 0.000000 2003.553223 0.000000 0.963150 0.000000 -0.268964 0.704017 0.704017 0.704017
3421.730225 0.000000 1988.169556 0.000000 0.192624 0.000000 -0.981273 0.707255 0.707255 0.707255
3408.627441 0.000000 2003.753052 0.000000 0.908179 0.000000 0.418583 0.450559 0.450559 0.450559
3422.308838 0.000000 2000.661133 0.000000 0.704071 0.000000 -0.710129 0.715923 0.715923 0.715923
3416.036621 0.000000 1995.985596 0.000000 0.538589 0.000000 -0.842569 0.933217 0.933217 0.933217
3420.553711 0.000000 1993.619141 0.000000 0.293381 0.000000 0.955996 0.258662 0.258662 0.258662
3417.305664 0.000000 2003.754639 0.000000 0.955292 0.000000 0.295663 0.549195 0.549195 0.549195
3442.804932 0.000000 1989.261475 0.000000 0.774388 0.000000 0.632711 0.538431 0.538431 0.538431
3452.606445 0.000000 1998.045288 0.000000 0.837692 0.000000 -0.546144 0.693467 0.693467 0.693467
3420.366943 0.000000 1996.769897 0.000000 0.306376 0.000000 0.951910 0.352867 0.352867 0.352867
3408.513916 0.000000 2008.311157 0.000000 0.268548 0.000000 -0.963266 1.010538 1.010538 1.010538
3417.185303 0.000000 1994.701416 0.000000 0.993183 0.000000 0.116566 0.561149 0.561149 0.561149
3440.159424 0.000000 2001.157837 0.000000 0.993187 0.000000 0.116533 0.556436 0.556436 0.556436
3415.011230 0.000000 2005.211914 0.000000 0.815456 0.000000 0.578818 0.434489 0.434489 0.434489
3421.879150 0.000000 1999.151489 0.000000 0.998444 0.000000 0.055759 0.580111 0.580111 0.580111
3415.932617 0.000000 2002.796875 0.000000 0.187039 0.000000 0.982353 0.071867 0.071867 0.071867
3409.962646 0.000000 2004.584229 0.000000 0.111788 0.000000 -0.993732 1.157211 1.157211 1.157211
3414.031494 0.000000 1996.225708 0.000000 0.887034 0.000000 -0.461704 0.715740 0.715740 0.715740
3408.089600 0.000000 1992.536499 0.000000 0.720354 0.000000 -0.693607 0.760740 0.760740 0.760740
3409.301758 0.000000 2002.313232 0.000000 0.974709 0.000000 0.223478 0.522013 0.522013 0.522013
3453.989014 0.000000 1998.559692 0.000000 0.403209 0.000000 -0.915108 0.786977 0.786977 0.786977
3408.574463 0.000000 2005.163696 0.000000 0.995221 0.000000 0.097651 0.562641 0.562641 0.562641
3443.071777 0.000000 1990.911743 0.000000 0.611305 0.000000 -0.791395 0.761393 0.761393 0.761393
3425.161133 0.000000 1986.700562 0.000000 0.289287 0.000000 0.957242 0.267081 0.267081 0.267081
3495.899658 0.000000 1981.471924 0.000000 0.356124 0.000000 0.934439 0.375867 0.375867 0.375867
3514.847656 0.000000 1946.124268 0.000000 0.116673 0.000000 -0.993170 0.698000 0.698000 0.698000
3482.547607 0.000000 1961.336792 0.000000 0.139601 0.000000 -0.990208 0.893611 0.893611 0.893611
3456.079102 0.000000 1970.647827 0.000000 0.985390 0.000000 -0.170313 0.626918 0.626918 0.626918
3500.524658 0.000000 1977.752930 0.000000 0.540955 0.000000 -0.841051 0.981675 0.981675 0.981675
3508.029541 0.000000 1944.633789 0.000000 0.283708 0.000000 0.958911 0.359744 0.359744 0.359744
3480.985107 0.000000 1956.261963 0.000000 0.385647 0.000000 0.922646 0.527844 0.527844 0.527844
3485.147949 0.000000 1943.164429 0.000000 0.563197 0.000000 -0.826323 0.739853 0.739853 0.739853
3488.273193 0.000000 1925.576416 0.000000 0.460222 0.000000 -0.887804 0.930586 0.930586 0.930586
3486.304443 0.000000 1963.725342 0.000000 0.174002 0.000000 0.984745 0.507998 0.507998 0.507998
3480.863281 0.000000 1937.483643 0.000000 0.633139 0.000000 0.774038 0.480664 0.480664 0.480664
3500.119141 0.000000 1982.296631 0.000000 0.124858 0.000000 0.992175 0.283848 0.283848 0.283848
3513.935791 0.000000 1942.471924 0.000000 0.436701 0.000000 -0.899607 0.829610 0.829610 0.829610
3503.209717 0.000000 1975.067627 0.000000 0.996146 0.000000 -0.087707 0.628940 0.628940 0.628940
3475.941650 0.000000 1923.161865 0.000000 0.729245 0.000000 0.684253 0.566136 0.566136 0.566136
3496.820068 0.000000 1978.463623 0.000000 0.979673 0.000000 0.200599 0.569746 0.569746 0.569746
3507.791260 0.000000 1941.260498 0.000000 0.869483 0.000000 0.493964 0.552019 0.552019 0.552019
3489.586426 0.000000 1948.698364 0.000000 0.838270 0.000000 0.545255 0.540395 0.540395 0.540395
3503.457764 0.000000 1978.156616 0.000000 0.440195 0.000000 -0.897902 0.883927 0.883927 0.883927
3500.713623 0.000000 1929.392822 0.000000 0.959259 0.000000 -0.282529 0.622311 0.622311 0.622311
3505.184326 0.000000 1935.828735 0.000000 0.050915 0.000000 -0.998703 0.716109 0.716109 0.716109
3457.212402 0.000000 1973.250854 0.000000 0.758477 0.000000 0.651700 0.395853 0.395853 0.395853
3481.104004 0.000000 1959.012451 0.000000 0.530856 0.000000 0.847462 0.244049 0.244049 0.244049
3498.172363 0.000000 1930.190063 0.000000 0.921299 0.000000 0.388855 0.567096 0.567096 0.567096
3506.040283 0.000000 1943.081055 0.000000 0.143800 0.000000 -0.989607 0.918382 0.918382 0.918382
3516.105225 0.000000 1938.172974 0.000000 0.247324 0.000000 0.968933 0.493157 0.493157 0.493157
3472.015869 0.000000 1962.438599 0.000000 0.999989 0.000000 -0.004686 0.600835 0.600835 0.600835
3486.431885 0.000000 1945.088745 0.000000 0.864510 0.000000 0.502616 0.535315 0.535315 0.535315
3503.271973 0.000000 1972.762451 0.000000 0.303416 0.000000 -0.952858 0.739946 0.739946 0.739946
3479.427246 0.000000 1919.687744 0.000000 0.951356 0.000000 0.308094 0.480371 0.480371 0.480371
3512.764404 0.000000 1953.276367 0.000000 0.231514 0.000000 -0.972831 0.752226 0.752226 0.752226
3474.996826 0.000000 1920.002441 0.000000 0.696394 0.000000 -0.717660 0.675537 0.675537 0.675537
3481.894775 0.000000 1954.507935 0.000000 0.910258 0.000000 0.414040 0.543729 0.543729 0.543729
3490.335938 0.000000 1958.245850 0.000000 0.174194 0.000000 -0.984711 0.869697 0.869697 0.869697
3508.393799 0.000000 1930.458984 0.000000 0.994108 0.000000 0.108397 0.576735 0.576735 0.576735
3473.545166 0.000000 1963.660889 0.000000 0.913802 0.000000 -0.406159 0.674554 0.674554 0.674554
3473.856689 0.000000 1960.084961 0.000000 0.016930 0.000000 -0.999857 0.909568 0.909568 0.909568
3497.899170 0.000000 1981.614502 0.000000 0.077242 0.000000 -0.997012 1.170466 1.170466 1.170466
3508.345947 0.000000 1973.079224 0.000000 0.853261 0.000000 0.521485 0.519469 0.519469 0.519469
3488.744873 0.000000 1927.346802 0.000000 0.138262 0.000000 -0.990396 1.052631 1.052631 1.052631
3480.794189 0.000000 1960.812134 0.000000 0.979905 0.000000 0.199465 0.559392 0.559392 0.559392
3514.860840 0.000000 1944.141357 0.000000 0.282567 0.000000 -0.959248 0.784688 0.784688 0.784688
3476.228027 0.000000 1921.385986 0.000000 0.002376 0.000000 0.999997 0.111329 0.111329 0.111329
3470.942871 0.000000 1958.212524 0.000000 0.478084 0.000000 -0.878314 0.755808 0.755808 0.755808
3497.326416 0.000000 1923.346313 0.000000 0.390140 0.000000 -0.920756 0.791033 0.791033 0.791033
3489.856934 0.000000 1956.421143 0.000000 0.887730 0.000000 0.460365 0.508989 0.508989 0.508989
3511.174561 0.000000 1975.562134 0.000000 0.567609 0.000000 -0.823298 0.924529 0.924529 0.924529
3497.072998 0.000000 1980.106934 0.000000 0.987245 0.000000 0.159210 0.538926 0.538926 0.538926
3518.950195 0.000000 1948.371704 0.000000 0.973799 0.000000 -0.227412 0.629211 0.629211 0.629211
3512.821777 0.000000 1950.291992 0.000000 0.151494 0.000000 0.988458 0.415113 0.415113 0.415113
3515.862305 0.000000 1936.556274 0.000000 0.707186 0.000000 -0.707027 0.845847 0.845847 0.845847
3499.179688 0.000000 1928.933716 0.000000 0.904711 0.000000 0.426026 0.447717 0.447717 0.447717
3495.859375 0.000000 1922.812500 0.000000 0.884217 0.000000 -0.467076 0.712107 0.712107 0.712107
3481.643066 0.000000 1952.125366 0.000000 0.565658 0.000000 -0.824640 0.903539 0.903539 0.903539
3484.006836 0.000000 1944.178223 0.000000 0.824379 0.000000 0.566039 0.370170 0.370170 0.370170
3499.972168 0.000000 1976.321533 0.000000 0.382061 0.000000 -0.924137 0.778337 0.778337 0.778337
3503.927002 0.000000 1919.561646 0.000000 0.482118 0.000000 0.876106 0.268929 0.268929 0.268929
3500.186523 0.000000 1980.791504 0.000000 0.893693 0.000000 0.448680 0.422273 0.422273 0.422273
3490.634033 0.000000 1959.798584 0.000000 0.993337 0.000000 -0.115244 0.622319 0.622319 0.622319
3500.166992 0.000000 1979.263672 0.000000 0.994764 0.000000 0.102195 0.560896 0.560896 0.560896
3509.167725 0.000000 1931.706421 0.000000 0.552111 0.000000 0.833771 0.388816 0.388816 0.388816
3517.272461 0.000000 1951.178711 0.000000 0.182850 0.000000 0.983141 0.213586 0.213586 0.213586
3478.521729 0.000000 1920.828369 0.000000 0.989966 0.000000 0.141309 0.549878 0.549878 0.549878
3494.214600 0.000000 1980.559326 0.000000 0.907767 0.000000 0.419475 0.519598 0.519598 0.519598
3507.366455 0.000000 1943.485229 0.000000 0.993999 0.000000 0.109393 0.575536 0.575536 0.575536
3512.743164 0.000000 1973.100342 0.000000 0.107588 0.000000 0.994196 0.041175 0.041175 0.041175
3514.204834 0.000000 1925.106201 0.000000 0.534717 0.000000 -0.845031 0.967916 0.967916 0.967916
3485.173828 0.000000 1944.735596 0.000000 0.973106 0.000000 -0.230359 0.688788 0.688788 0.688788
3534.726074 0.000000 1934.160645 0.000000 0.961150 0.000000 -0.276026 0.658647 0.658647 0.658647
3563.934814 0.000000 1952.603638 0.000000 0.523882 0.000000 0.851791 0.383169 0.383169 0.383169
3522.534668 0.000000 1945.949219 0.000000 0.997930 0.000000 -0.064315 0.609255 0.609255 0.609255
3522.032471 0.000000 1956.228149 0.000000 0.673235 0.000000 -0.739429 0.691002 0.691002 0.691002
3525.016357 0.000000 1947.636108 0.000000 0.999847 0.000000 -0.017500 0.601022 0.601022 0.601022
3560.046143 0.000000 1942.212769 0.000000 0.863791 0.000000 -0.503850 0.755032 0.755032 0.755032
3547.300781 0.000000 1940.950439 0.000000 0.921393 0.000000 -0.388633 0.671149 0.671149 0.671149
3567.958008 0.000000 1938.848877 0.000000 0.636866 0.000000 0.770975 0.263723 0.263723 0.263723
3536.831543 0.000000 1958.500488 0.000000 0.745900 0.000000 0.666058 0.475528 0.475528 0.475528
3580.184082 0.000000 1931.975220 0.000000 0.395029 0.000000 0.918669 0.516258 0.516258 0.516258
3571.472900 0.000000 1936.060059 0.000000 0.808421 0.000000 0.588604 0.359613 0.359613 0.359613
3540.103027 0.000000 1959.800171 0.000000 0.564410 0.000000 -0.825495 0.786190 0.786190 0.786190
3576.756592 0.000000 1953.276367 0.000000 0.018605 0.000000 0.999827 0.079184 0.079184 0.079184
3525.903564 0.000000 1959.384155 0.000000 0.586985 0.000000 -0.809597 0.769589 0.769589 0.769589
3579.213135 0.000000 1952.996582 0.000000 0.638656 0.000000 0.769493 0.475051 0.475051 0.475051
3537.848877 0.000000 1960.084961 0.000000 0.973432 0.000000 -0.228977 0.648103 0.648103 0.648103
3525.453369 0.000000 1945.683472 0.000000 0.815334 0.000000 0.578991 0.382635 0.382635 0.382635
3570.679932 0.000000 1934.321533 0.000000 0.948126 0.000000 0.317894 0.544757 0.544757 0.544757
3535.064209 0.000000 1936.101196 0.000000 0.927393 0.000000 0.374089 0.548311 0.548311 0.548311
3524.137939 0.000000 1959.267334 0.000000 0.986784 0.000000 -0.162042 0.629256 0.629256 0.629256
3573.597412 0.000000 1954.753174 0.000000 0.993513 0.000000 0.113717 0.556469 0.556469 0.556469
3568.143799 0.000000 1937.173462 0.000000 0.433644 0.000000 0.901084 0.171327 0.171327 0.171327
3523.023926 0.000000 1957.661987 0.000000 0.918419 0.000000 0.395610 0.555524 0.555524 0.555524
3523.331787 0.000000 1947.477051 0.000000 0.962448 0.000000 -0.271467 0.672066 0.672066 0.672066
3549.637695 0.000000 1949.207886 0.000000 0.140924 0.000000 -0.990020 1.064628 1.064628 1.064628
3574.112305 0.000000 1953.197144 0.000000 0.749189 0.000000 0.662356 0.390703 0.390703 0.390703
3561.852051 0.000000 1942.610474 0.000000 0.527612 0.000000 0.849486 0.301999 0.301999 0.301999
3546.151367 0.000000 1942.103760 0.000000 0.957495 0.000000 0.288449 0.547404 0.547404 0.547404
3578.598389 0.000000 1931.663330 0.000000 0.978242 0.000000 -0.207468 0.644453 0.644453 0.644453
3532.718994 0.000000 1964.155273 0.000000 0.511392 0.000000 -0.859348 0.928356 0.928356 0.928356
3507.274902 0.000000 2020.349976 0.000000 0.993027 0.000000 0.117889 0.586371 0.586371 0.586371
3463.745117 0.000000 2012.840088 0.000000 0.602188 0.000000 0.798354 0.516905 0.516905 0.516905
3482.547607 0.000000 2025.321167 0.000000 0.288261 0.000000 0.957552 0.201694 0.201694 0.201694
3516.129150 0.000000 2044.236328 0.000000 0.588008 0.000000 -0.808855 0.937313 0.937313 0.937313
3505.939941 0.000000 2043.908081 0.000000 0.455934 0.000000 0.890013 0.381376 0.381376 0.381376
3508.251465 0.000000 2029.834961 0.000000 0.644530 0.000000 0.764579 0.516558 0.516558 0.516558
3517.745361 0.000000 2034.601807 0.000000 0.071286 0.000000 -0.997456 0.939156 0.939156 0.939156
3511.232178 0.000000 2041.266113 0.000000 0.978148 0.000000 -0.207911 0.623529 0.623529 0.623529
3458.340576 0.000000 2013.057739 0.000000 0.723034 0.000000 0.690812 0.574869 0.574869 0.574869
3481.767334 0.000000 2011.354980 0.000000 0.994463 0.000000 -0.105091 0.608832 0.608832 0.608832
3507.448730 0.000000 2025.222046 0.000000 0.363931 0.000000 -0.931426 0.759754 0.759754 0.759754
3486.304443 0.000000 2027.709717 0.000000 0.076661 0.000000 0.997057 0.300109 0.300109 0.300109
3475.351807 0.000000 2031.853516 0.000000 0.558395 0.000000 0.829575 0.447589 0.447589 0.447589
3511.355713 0.000000 2018.807007 0.000000 0.996993 0.000000 -0.077488 0.610341 0.610341 0.610341
3508.087158 0.000000 2034.061279 0.000000 0.957481 0.000000 -0.288496 0.620165 0.620165 0.620165
3478.587158 0.000000 2024.054932 0.000000 0.741463 0.000000 0.670994 0.461173 0.461173 0.461173
3474.330322 0.000000 2025.874268 0.000000 0.182713 0.000000 0.983166 0.435861 0.435861 0.435861
3503.209717 0.000000 2039.052002 0.000000 0.730433 0.000000 -0.682984 0.667572 0.667572 0.667572
3472.186523 0.000000 2006.535767 0.000000 0.645706 0.000000 -0.763586 0.663772 0.663772 0.663772
3513.097900 0.000000 2045.850098 0.000000 0.974018 0.000000 0.226469 0.551749 0.551749 0.551749
3461.465820 0.000000 1991.411011 0.000000 0.786633 0.000000 -0.617421 0.797369 0.797369 0.797369
3482.604248 0.000000 1988.062744 0.000000 0.195506 0.000000 -0.980702 0.914903 0.914903 0.914903
3504.634766 0.000000 1989.267578 0.000000 0.195980 0.000000 0.980608 0.322242 0.322242 0.322242
3482.523926 0.000000 2033.016846 0.000000 0.188266 0.000000 0.982118 0.364107 0.364107 0.364107
3458.542480 0.000000 2009.933594 0.000000 0.498884 0.000000 -0.866669 0.681669 0.681669 0.681669
3507.945312 0.000000 2041.331421 0.000000 0.508805 0.000000 0.860882 0.550293 0.550293 0.550293
3478.565918 0.000000 2003.553223 0.000000 0.668659 0.000000 -0.743569 0.689166 0.689166 0.689166
3461.024170 0.000000 2011.620483 0.000000 0.833642 0.000000 -0.552306 0.724460 0.724460 0.724460
3514.725342 0.000000 2034.241943 0.000000 0.217233 0.000000 0.976120 0.468380 0.468380 0.468380
3478.892578 0.000000 2012.050415 0.000000 0.987950 0.000000 -0.154773 0.616527 0.616527 0.616527
3477.823242 0.000000 2006.717407 0.000000 0.310462 0.000000 -0.950586 0.712805 0.712805 0.712805
3485.722412 0.000000 1988.169556 0.000000 0.091312 0.000000 -0.995822 0.919100 0.919100 0.919100
3474.812012 0.000000 2029.080078 0.000000 0.708932 0.000000 0.705277 0.417075 0.417075 0.417075
3483.852783 0.000000 2038.535767 0.000000 0.268649 0.000000 -0.963238 0.724513 0.724513 0.724513
3499.520752 0.000000 1986.225952 0.000000 0.201764 0.000000 -0.979434 1.122399 1.122399 1.122399
3506.351074 0.000000 2022.715698 0.000000 0.696611 0.000000 -0.717449 0.867275 0.867275 0.867275
3476.761963 0.000000 2025.871948 0.000000 0.332333 0.000000 0.943162 0.336096 0.336096 0.336096
3485.093750 0.000000 2025.438232 0.000000 0.128117 0.000000 0.991759 0.219752 0.219752 0.219752
3508.289062 0.000000 2043.597290 0.000000 0.466318 0.000000 0.884617 0.383707 0.383707 0.383707
3503.280518 0.000000 1987.420776 0.000000 0.928495 0.000000 -0.371345 0.734496 0.734496 0.734496
3478.966309 0.000000 2021.809937 0.000000 0.461091 0.000000 -0.887353 0.797847 0.797847 0.797847
3498.769775 0.000000 1988.425415 0.000000 0.231260 0.000000 -0.972892 1.110858 1.110858 1.110858
3460.074951 0.000000 1993.173950 0.000000 0.477821 0.000000 0.878457 0.510024 0.510024 0.510024
3487.943604 0.000000 1987.368286 0.000000 0.746955 0.000000 0.664874 0.543347 0.543347 0.543347
3513.975098 0.000000 2044.017090 0.000000 0.964095 0.000000 -0.265559 0.656769 0.656769 0.656769
3504.805664 0.000000 1986.121582 0.000000 0.983283 0.000000 0.182085 0.566538 0.566538 0.566538
3484.218750 0.000000 2031.829834 0.000000 0.611277 0.000000 -0.791417 0.827054 0.827054 0.827054
3501.442627 0.000000 1986.524414 0.000000 0.170277 0.000000 -0.985396 0.845306 0.845306 0.845306
3504.833252 0.000000 2038.015503 0.000000 0.839159 0.000000 -0.543887 0.711121 0.711121 0.711121
3484.136963 0.000000 2034.019775 0.000000 0.008186 0.000000 0.999967 0.464241 0.464241 0.464241
3509.579590 0.000000 2040.194092 0.000000 0.565163 0.000000 0.824979 0.344230 0.344230 0.344230
3475.805664 0.000000 2006.859375 0.000000 0.606853 0.000000 -0.794814 0.835321 0.835321 0.835321
3509.861084 0.000000 2042.588013 0.000000 0.539899 0.000000 0.841730 0.400680 0.400680 0.400680
3502.759521 0.000000 1989.399292 0.000000 0.617053 0.000000 0.786921 0.471101 0.471101 0.471101
3497.899170 0.000000 2045.598877 0.000000 0.957086 0.000000 -0.289806 0.630830 0.630830 0.630830
3479.541260 0.000000 2019.049072 0.000000 0.881491 0.000000 -0.472202 0.684716 0.684716 0.684716
3510.982422 0.000000 2021.815063 0.000000 0.853897 0.000000 0.520441 0.536866 0.536866 0.536866
3511.336670 0.000000 2046.244629 0.000000 0.612682 0.000000 0.790330 0.481233 0.481233 0.481233
3504.034912 0.000000 2043.915527 0.000000 0.740011 0.000000 0.672594 0.453030 0.453030 0.453030
3506.260742 0.000000 2042.131714 0.000000 0.621848 0.000000 0.783138 0.428845 0.428845 0.428845
3482.812500 0.000000 2037.064575 0.000000 0.676322 0.000000 0.736606 0.313481 0.313481 0.313481
3477.267578 0.000000 2005.023560 0.000000 0.132512 0.000000 -0.991181 1.022157 1.022157 1.022157
3501.297363 0.000000 1984.745605 0.000000 0.338141 0.000000 0.941095 0.177664 0.177664 0.177664
3499.693848 0.000000 1989.913086 0.000000 0.176026 0.000000 0.984385 0.067589 0.067589 0.067589
3464.872314 0.000000 2008.446045 0.000000 0.578743 0.000000 -0.815510 0.741416 0.741416 0.741416
3482.697998 0.000000 2035.022705 0.000000 0.840144 0.000000 0.542363 0.432557 0.432557 0.432557
3484.339844 0.000000 1987.137085 0.000000 0.259892 0.000000 0.965638 0.409965 0.409965 0.409965
3511.174561 0.000000 2039.546509 0.000000 0.342530 0.000000 -0.939507 0.870730 0.870730 0.870730
3460.299072 0.000000 2013.124390 0.000000 0.557969 0.000000 0.829862 0.318478 0.318478 0.318478
3464.367188 0.000000 2011.108398 0.000000 0.790925 0.000000 -0.611913 0.827847 0.827847 0.827847
3515.655029 0.000000 2042.672852 0.000000 0.952202 0.000000 -0.305468 0.718576 0.718576 0.718576
3505.428711 0.000000 1987.869507 0.000000 0.809551 0.000000 0.587049 0.485343 0.485343 0.485343
3496.483643 0.000000 1984.109985 0.000000 0.824424 0.000000 0.565973 0.370201 0.370201 0.370201
3505.172119 0.000000 2030.879028 0.000000 0.698719 0.000000 -0.715396 0.771955 0.771955 0.771955
3514.754639 0.000000 2045.309937 0.000000 0.983583 0.000000 -0.180458 0.661971 0.661971 0.661971
3518.949219 0.000000 2035.721680 0.000000 0.591732 0.000000 0.806135 0.403378 0.403378 0.403378
3504.849365 0.000000 2042.613037 0.000000 0.932231 0.000000 -0.361865 0.673766 0.673766 0.673766
3460.084717 0.000000 2010.169922 0.000000 0.056769 0.000000 -0.998387 0.922036 0.922036 0.922036
3515.177734 0.000000 1997.797607 0.000000 0.501423 0.000000 -0.865202 0.966482 0.966482 0.966482
3479.294434 0.000000 2025.267578 0.000000 0.353439 0.000000 -0.935458 0.828290 0.828290 0.828290
3485.906250 0.000000 2030.813477 0.000000 0.987071 0.000000 0.160284 0.559972 0.559972 0.559972
3504.133789 0.000000 2033.941895 0.000000 0.322665 0.000000 0.946513 0.173875 0.173875 0.173875
3504.601562 0.000000 2039.348022 0.000000 0.082884 0.000000 -0.996559 0.887495 0.887495 0.887495
3506.396973 0.000000 2028.378174 0.000000 0.984097 0.000000 0.177633 0.561212 0.561212 0.561212
3486.188477 0.000000 2026.264771 0.000000 0.944987 0.000000 -0.327107 0.666889 0.666889 0.666889
3510.631348 0.000000 2048.252197 0.000000 0.941467 0.000000 -0.337105 0.719491 0.719491 0.719491
3484.350586 0.000000 2062.810791 0.000000 0.923683 0.000000 0.383157 0.570550 0.570550 0.570550
3478.305664 0.000000 2061.819824 0.000000 0.019887 0.000000 0.999802 0.093553 0.093553 0.093553
3517.225342 0.000000 2048.306641 0.000000 0.725121 0.000000 -0.688621 0.652339 0.652339 0.652339
3488.273193 0.000000 2053.545166 0.000000 0.197563 0.000000 -0.980290 0.634936 0.634936 0.634936
3485.203857 0.000000 2066.914062 0.000000 0.554784 0.000000 -0.831995 0.661824 0.661824 0.661824
3513.955566 0.000000 2049.468262 0.000000 0.726164 0.000000 0.687522 0.500073 0.500073 0.500073
3499.894043 0.000000 2047.652954 0.000000 0.986681 0.000000 -0.162670 0.610525 0.610525 0.610525
3517.457275 0.000000 2051.656982 0.000000 0.235895 0.000000 -0.971778 0.713785 0.713785 0.713785
3489.461182 0.000000 2065.534668 0.000000 0.200487 0.000000 -0.979696 0.862474 0.862474 0.862474
3489.135986 0.000000 2057.310303 0.000000 0.202995 0.000000 -0.979180 0.915198 0.915198 0.915198
3483.754150 0.000000 2065.078613 0.000000 0.814685 0.000000 0.579903 0.514750 0.514750 0.514750
3487.513672 0.000000 2066.762695 0.000000 0.107450 0.000000 -0.994210 0.996694 0.996694 0.996694
3515.913818 0.000000 2050.258789 0.000000 0.549811 0.000000 -0.835289 0.728842 0.728842 0.728842
3488.744873 0.000000 2055.315430 0.000000 0.666704 0.000000 -0.745323 0.708342 0.708342 0.708342
3487.910645 0.000000 2065.084229 0.000000 0.381723 0.000000 0.924277 0.441036 0.441036 0.441036
3485.136230 0.000000 2065.510742 0.000000 0.992607 0.000000 0.121375 0.560267 0.560267 0.560267
3488.824219 0.000000 2067.143066 0.000000 0.219014 0.000000 -0.975722 0.911418 0.911418 0.911418
3486.345459 0.000000 2066.122559 0.000000 0.360275 0.000000 -0.932846 0.925956 0.925956 0.925956
3488.921143 0.000000 2064.238770 0.000000 0.094289 0.000000 0.995545 0.316929 0.316929 0.316929
3522.915527 0.000000 2060.562744 0.000000 0.612635 0.000000 -0.790366 0.631400 0.631400 0.631400
"}
