object={
	name="tree_pine_01_b_generator_1_0"
	clamp_to_water_level=no
	render_under_water=no
	generated_content=yes
	layer="tree_high_layer"
	pdxmesh="tree_pine_01_b_mesh"
	count=23
	transform="3057.994629 0.000000 316.329956 0.000000 0.590069 0.000000 0.807353 0.400000 0.400000 0.400000
3052.579346 0.000000 314.159241 0.000000 0.991054 0.000000 -0.133462 0.400000 0.400000 0.400000
3062.686035 0.000000 320.674103 0.000000 0.835548 0.000000 -0.549418 0.400000 0.400000 0.400000
3132.176025 0.000000 252.673843 0.000000 0.717428 0.000000 -0.696633 0.400000 0.400000 0.400000
3156.583252 0.000000 250.999390 0.000000 0.749189 0.000000 0.662357 0.400000 0.400000 0.400000
3190.670410 0.000000 192.705353 0.000000 0.999634 0.000000 0.027050 0.400000 0.400000 0.400000
3178.602295 0.000000 199.899765 0.000000 0.992804 0.000000 0.119753 0.400000 0.400000 0.400000
3194.027832 0.000000 205.478622 0.000000 0.252798 0.000000 -0.967519 0.400000 0.400000 0.400000
3166.931885 0.000000 247.886917 0.000000 0.957780 0.000000 0.287503 0.400000 0.400000 0.400000
3190.988770 0.000000 212.479401 0.000000 0.761664 0.000000 -0.647973 0.400000 0.400000 0.400000
3197.046875 0.000000 212.776733 0.000000 0.928984 0.000000 -0.370121 0.400000 0.400000 0.400000
3135.719238 0.000000 253.024734 0.000000 0.150248 0.000000 -0.988648 0.400000 0.400000 0.400000
3145.979004 0.000000 253.651016 0.000000 0.011692 0.000000 0.999932 0.400000 0.400000 0.400000
3169.868164 0.000000 253.106140 0.000000 0.380632 0.000000 -0.924727 0.400000 0.400000 0.400000
3151.989746 0.000000 254.094559 0.000000 0.887222 0.000000 0.461343 0.400000 0.400000 0.400000
3146.998779 0.000000 256.724365 0.000000 0.145760 0.000000 0.989320 0.400000 0.400000 0.400000
3210.990967 0.000000 384.693115 0.000000 0.102976 0.000000 -0.994684 0.400000 0.400000 0.400000
3235.105225 0.000000 384.468750 0.000000 0.485677 0.000000 -0.874138 0.400000 0.400000 0.400000
3221.183838 0.000000 384.260284 0.000000 0.634101 0.000000 0.773251 0.400000 0.400000 0.400000
3252.493408 0.000000 391.209473 0.000000 0.373106 0.000000 0.927789 0.400000 0.400000 0.400000
3201.926758 0.000000 393.368103 0.000000 0.296870 0.000000 0.954918 0.400000 0.400000 0.400000
3229.113770 0.000000 385.629913 0.000000 0.989932 0.000000 0.141545 0.400000 0.400000 0.400000
3216.202148 0.000000 387.660980 0.000000 0.459428 0.000000 -0.888215 0.400000 0.400000 0.400000
"}
