object={
	name="tree_jungle_01_c_generator_1_0"
	clamp_to_water_level=no
	render_under_water=no
	generated_content=yes
	layer="tree_high_layer"
	pdxmesh="tree_jungle_01_c_mesh"
	count=36
	transform="660.887817 0.000000 59.046272 0.000000 0.858456 0.000000 -0.512887 0.908470 0.908470 0.908470
680.243347 0.000000 61.940636 0.000000 0.951554 0.000000 0.307482 0.897191 0.897191 0.897191
1978.176270 0.000000 13.525491 0.000000 0.558381 0.000000 0.829584 0.878017 0.878017 0.878017
1929.440796 0.000000 10.245461 0.000000 0.969740 0.000000 -0.244142 0.901108 0.901108 0.901108
1969.524292 0.000000 13.481738 0.000000 0.113971 0.000000 -0.993484 0.922909 0.922909 0.922909
1973.878174 0.000000 15.781040 0.000000 0.584382 0.000000 0.811479 0.868094 0.868094 0.868094
1934.921387 0.000000 14.629359 0.000000 0.061655 0.000000 0.998098 0.849138 0.849138 0.849138
2012.124756 0.000000 7.664719 0.000000 0.330422 0.000000 -0.943833 0.944364 0.944364 0.944364
2026.742920 0.000000 7.946647 0.000000 0.723173 0.000000 0.690667 0.876017 0.876017 0.876017
2019.253540 0.000000 0.562499 0.000000 0.455539 0.000000 -0.890216 0.917267 0.917267 0.917267
2033.516479 0.000000 13.481738 0.000000 0.841508 0.000000 0.540245 0.887176 0.887176 0.887176
2019.280396 0.000000 11.144895 0.000000 0.752184 0.000000 0.658954 0.853122 0.853122 0.853122
2012.530273 0.000000 15.310794 0.000000 0.883954 0.000000 -0.467573 0.930610 0.930610 0.930610
2006.485352 0.000000 14.319715 0.000000 0.713233 0.000000 0.700927 0.873823 0.873823 0.873823
2025.192627 0.000000 2.071217 0.000000 0.997047 0.000000 -0.076794 0.901382 0.901382 0.901382
2021.184814 0.000000 5.744119 0.000000 0.698397 0.000000 -0.715711 0.926883 0.926883 0.926883
2031.610840 0.000000 8.874241 0.000000 0.153164 0.000000 -0.988201 0.931839 0.931839 0.931839
2028.391357 0.000000 12.658535 0.000000 0.981683 0.000000 0.190520 0.892247 0.892247 0.892247
2016.452881 0.000000 6.045165 0.000000 0.717770 0.000000 -0.696280 0.932881 0.932881 0.932881
2008.046997 0.000000 9.923607 0.000000 0.955915 0.000000 0.293644 0.890625 0.890625 0.890625
2023.992554 0.000000 12.034994 0.000000 0.419145 0.000000 -0.907919 0.976729 0.976729 0.976729
2014.834961 0.000000 11.412354 0.000000 0.995561 0.000000 -0.094117 0.905506 0.905506 0.905506
2016.420166 0.000000 15.403625 0.000000 0.378396 0.000000 -0.925644 0.995669 0.995669 0.995669
2011.086426 0.000000 11.892638 0.000000 0.995154 0.000000 0.098329 0.895574 0.895574 0.895574
2022.631836 0.000000 8.860284 0.000000 0.819302 0.000000 -0.573362 0.930183 0.930183 0.930183
2021.347168 0.000000 13.732315 0.000000 0.723145 0.000000 0.690696 0.845179 0.845179 0.845179
2018.955933 0.000000 7.886336 0.000000 0.969064 0.000000 0.246810 0.888793 0.888793 0.888793
2015.259155 0.000000 8.592155 0.000000 0.979468 0.000000 0.201598 0.889966 0.889966 0.889966
2027.997070 0.000000 15.535166 0.000000 0.611907 0.000000 -0.790930 0.949198 0.949198 0.949198
2018.575317 0.000000 13.997284 0.000000 0.711692 0.000000 -0.702492 0.957753 0.957753 0.957753
2014.469360 0.000000 13.821226 0.000000 0.905751 0.000000 -0.423811 0.929500 0.929500 0.929500
2023.731201 0.000000 14.486101 0.000000 0.998164 0.000000 0.060565 0.895643 0.895643 0.895643
2154.727295 0.000000 7.946647 0.000000 0.977644 0.000000 -0.210269 0.903808 0.903808 0.903808
2147.264893 0.000000 11.144895 0.000000 0.994671 0.000000 0.103101 0.898143 0.898143 0.898143
2164.626221 0.000000 7.303235 0.000000 0.993620 0.000000 0.112784 0.898476 0.898476 0.898476
2159.595215 0.000000 8.874241 0.000000 0.876175 0.000000 -0.481994 0.913560 0.913560 0.913560
"}
