object={
	name="tree_leaf_01_single_generator_1_0"
	clamp_to_water_level=no
	render_under_water=no
	generated_content=yes
	layer="tree_high_layer"
	pdxmesh="tree_leaf_01_single_a_mesh"
	count=730
	transform="3513.097900 0.000000 1917.881348 0.000000 0.103183 0.000000 -0.994662 0.858996 0.858996 0.858996
3518.532471 0.000000 1918.201904 0.000000 0.887046 0.000000 -0.461682 0.736901 0.736901 0.736901
3513.975098 0.000000 1916.048340 0.000000 0.484690 0.000000 0.874686 0.584630 0.584630 0.584630
3512.482910 0.000000 1914.422241 0.000000 0.912983 0.000000 0.407999 0.608195 0.608195 0.608195
3576.210449 0.000000 1907.901001 0.000000 0.974457 0.000000 0.224575 0.683375 0.683375 0.683375
3556.774902 0.000000 1901.464478 0.000000 0.882882 0.000000 -0.469595 0.861458 0.861458 0.861458
3532.997803 0.000000 1911.994873 0.000000 0.536823 0.000000 0.843695 0.652620 0.652620 0.652620
3529.932129 0.000000 1917.244751 0.000000 0.999690 0.000000 -0.024903 0.701349 0.701349 0.701349
3553.821289 0.000000 1916.699951 0.000000 0.048972 0.000000 0.998800 0.452668 0.452668 0.452668
3535.942871 0.000000 1917.688354 0.000000 0.972082 0.000000 -0.234641 0.802237 0.802237 0.802237
3525.147949 0.000000 1919.484497 0.000000 0.224812 0.000000 0.974402 0.676512 0.676512 0.676512
3539.343994 0.000000 1903.884766 0.000000 0.593626 0.000000 0.804741 0.644430 0.644430 0.644430
3548.238525 0.000000 1907.956543 0.000000 0.760113 0.000000 -0.649791 0.723486 0.723486 0.723486
3544.766357 0.000000 1915.631592 0.000000 0.156985 0.000000 -0.987601 0.818541 0.818541 0.818541
3541.340820 0.000000 1909.892944 0.000000 0.968767 0.000000 -0.247972 0.748609 0.748609 0.748609
3548.280518 0.000000 1914.243774 0.000000 0.840621 0.000000 0.541624 0.550961 0.550961 0.550961
3556.852539 0.000000 1897.826172 0.000000 0.996903 0.000000 0.078646 0.691470 0.691470 0.691470
3527.153076 0.000000 1902.195312 0.000000 0.992849 0.000000 0.119381 0.679506 0.679506 0.679506
3551.773682 0.000000 1919.296143 0.000000 0.807175 0.000000 0.590312 0.663584 0.663584 0.663584
3526.823242 0.000000 1916.843506 0.000000 0.781820 0.000000 0.623505 0.583526 0.583526 0.583526
3550.430664 0.000000 1916.516724 0.000000 0.272030 0.000000 -0.962289 0.772436 0.772436 0.772436
3564.865234 0.000000 1904.985352 0.000000 0.363584 0.000000 -0.931561 1.028883 1.028883 1.028883
3536.581299 0.000000 1905.129517 0.000000 0.337757 0.000000 -0.941233 0.948588 0.948588 0.948588
3540.358887 0.000000 1906.714966 0.000000 0.951855 0.000000 0.306548 0.650452 0.650452 0.650452
3552.709961 0.000000 1913.952759 0.000000 0.999667 0.000000 0.025823 0.692102 0.692102 0.692102
3551.089355 0.000000 1908.511475 0.000000 0.873603 0.000000 -0.486639 0.814576 0.814576 0.814576
3524.254639 0.000000 1900.067871 0.000000 0.943439 0.000000 -0.331546 0.744884 0.744884 0.744884
3533.269775 0.000000 1918.411011 0.000000 0.997177 0.000000 -0.075083 0.707355 0.707355 0.707355
3539.694824 0.000000 1912.012695 0.000000 0.471191 0.000000 -0.882031 0.898205 0.898205 0.898205
3548.746826 0.000000 1901.850464 0.000000 0.071170 0.000000 0.997464 0.401250 0.401250 0.401250
3555.548340 0.000000 1914.743896 0.000000 0.935735 0.000000 -0.352704 0.768663 0.768663 0.768663
3522.062256 0.000000 1901.013794 0.000000 0.819977 0.000000 -0.572396 0.773486 0.773486 0.773486
3563.216797 0.000000 1898.145020 0.000000 0.140284 0.000000 -0.990111 1.082367 1.082367 1.082367
3521.326416 0.000000 1918.608154 0.000000 0.990373 0.000000 -0.138422 0.746838 0.746838 0.746838
3546.066162 0.000000 1913.649902 0.000000 0.142243 0.000000 0.989832 0.515320 0.515320 0.515320
3551.055176 0.000000 1902.040405 0.000000 0.480276 0.000000 -0.877117 0.784132 0.784132 0.784132
3550.014893 0.000000 1906.464233 0.000000 0.291591 0.000000 0.956543 0.626476 0.626476 0.626476
3528.148926 0.000000 1918.645264 0.000000 0.887659 0.000000 0.460501 0.618040 0.618040 0.618040
3553.060303 0.000000 1909.515625 0.000000 0.756855 0.000000 -0.653583 0.762241 0.762241 0.762241
3543.658203 0.000000 1909.841431 0.000000 0.964039 0.000000 -0.265759 0.753590 0.753590 0.753590
3542.462402 0.000000 1908.004761 0.000000 0.704389 0.000000 -0.709814 0.857235 0.857235 0.857235
3541.382080 0.000000 1904.861450 0.000000 0.963828 0.000000 -0.266527 0.729703 0.729703 0.729703
3555.237061 0.000000 1909.260254 0.000000 0.003340 0.000000 0.999994 0.300068 0.300068 0.300068
3538.536133 0.000000 1905.913940 0.000000 0.506960 0.000000 0.861969 0.298667 0.298667 0.298667
3548.210938 0.000000 1903.861084 0.000000 0.735290 0.000000 -0.677753 0.770277 0.770277 0.770277
3535.101807 0.000000 1919.520996 0.000000 0.788626 0.000000 0.614873 0.548395 0.548395 0.548395
3554.975342 0.000000 1897.233398 0.000000 0.042976 0.000000 0.999076 0.531792 0.531792 0.531792
3535.778809 0.000000 1911.383179 0.000000 0.260777 0.000000 0.965399 0.190659 0.190659 0.190659
3549.622803 0.000000 1909.837891 0.000000 0.061332 0.000000 -0.998117 0.895201 0.895201 0.895201
3554.478516 0.000000 1913.177002 0.000000 0.984678 0.000000 -0.174382 0.778110 0.778110 0.778110
3561.891357 0.000000 1917.630127 0.000000 0.896819 0.000000 0.442398 0.620714 0.620714 0.620714
3572.338135 0.000000 1909.094849 0.000000 0.608987 0.000000 0.793180 0.570334 0.570334 0.570334
3556.438965 0.000000 1899.667358 0.000000 0.816552 0.000000 -0.577271 0.809694 0.809694 0.809694
3523.382568 0.000000 1898.322998 0.000000 0.155156 0.000000 0.987890 0.556575 0.556575 0.556575
3525.317871 0.000000 1901.877197 0.000000 0.508154 0.000000 0.861266 0.562169 0.562169 0.562169
3534.299561 0.000000 1916.995483 0.000000 0.320723 0.000000 0.947173 0.162892 0.162892 0.162892
3553.309326 0.000000 1918.438843 0.000000 0.611837 0.000000 0.790984 0.545331 0.545331 0.545331
3547.244873 0.000000 1912.342163 0.000000 0.474806 0.000000 -0.880091 0.839156 0.839156 0.839156
3525.954346 0.000000 1898.585205 0.000000 0.569712 0.000000 0.821845 0.598853 0.598853 0.598853
3531.013672 0.000000 1918.567383 0.000000 0.323620 0.000000 0.946187 0.387639 0.387639 0.387639
3539.331787 0.000000 1910.369629 0.000000 0.452608 0.000000 -0.891710 0.869337 0.869337 0.869337
3561.065186 0.000000 1916.122559 0.000000 0.931872 0.000000 0.362788 0.635768 0.635768 0.635768
3538.553223 0.000000 1913.316406 0.000000 0.065991 0.000000 -0.997820 0.976117 0.976117 0.976117
3521.660645 0.000000 1896.943726 0.000000 0.994993 0.000000 0.099942 0.674982 0.674982 0.674982
3526.750244 0.000000 1919.390991 0.000000 0.432138 0.000000 0.901807 0.377876 0.377876 0.377876
3523.297119 0.000000 1896.731445 0.000000 0.407544 0.000000 0.913185 0.478732 0.478732 0.478732
3549.770752 0.000000 1915.007446 0.000000 0.933778 0.000000 -0.357853 0.795294 0.795294 0.795294
3535.068604 0.000000 1905.393677 0.000000 0.878833 0.000000 -0.477130 0.840814 0.840814 0.840814
3534.250732 0.000000 1911.040894 0.000000 0.426342 0.000000 -0.904562 1.140511 1.140511 1.140511
3537.994385 0.000000 1904.486694 0.000000 0.145675 0.000000 0.989332 0.411205 0.411205 0.411205
3539.905518 0.000000 1905.265015 0.000000 0.062282 0.000000 -0.998059 1.282597 1.282597 1.282597
3529.597900 0.000000 1918.980225 0.000000 0.533066 0.000000 -0.846074 0.872732 0.872732 0.872732
3541.038818 0.000000 1908.348145 0.000000 0.847172 0.000000 0.531319 0.591340 0.591340 0.591340
3541.862305 0.000000 1906.635742 0.000000 0.713859 0.000000 -0.700289 0.823376 0.823376 0.823376
3539.008545 0.000000 1907.352051 0.000000 0.691458 0.000000 -0.722416 0.821329 0.821329 0.821329
3538.177734 0.000000 1911.871216 0.000000 0.653589 0.000000 -0.756849 0.832023 0.832023 0.832023
3548.944336 0.000000 1900.350708 0.000000 0.970354 0.000000 -0.241688 0.748632 0.748632 0.748632
3544.946533 0.000000 1912.703003 0.000000 0.536317 0.000000 -0.844017 0.868561 0.868561 0.868561
3562.302734 0.000000 1899.277954 0.000000 0.031099 0.000000 -0.999516 1.111683 1.111683 1.111683
3562.632324 0.000000 1896.806396 0.000000 0.293764 0.000000 -0.955878 0.906835 0.906835 0.906835
3555.698975 0.000000 1910.568115 0.000000 0.991847 0.000000 0.127431 0.666951 0.666951 0.666951
3534.597656 0.000000 1918.291504 0.000000 0.110223 0.000000 0.993907 0.365677 0.365677 0.365677
3551.246826 0.000000 1914.603027 0.000000 0.914580 0.000000 0.404404 0.601051 0.601051 0.601051
3534.190674 0.000000 1904.036743 0.000000 0.358489 0.000000 0.933534 0.359096 0.359096 0.359096
3573.292969 0.000000 1906.614746 0.000000 0.802048 0.000000 -0.597260 0.881212 0.881212 0.881212
3572.165039 0.000000 1907.549316 0.000000 0.712997 0.000000 -0.701167 0.919985 0.919985 0.919985
3539.949219 0.000000 1913.462402 0.000000 0.060441 0.000000 0.998172 0.422862 0.422862 0.422862
3526.969482 0.000000 1918.105469 0.000000 0.116571 0.000000 -0.993182 1.116710 1.116710 1.116710
3561.890869 0.000000 1915.144897 0.000000 0.230530 0.000000 -0.973065 1.034416 1.034416 1.034416
3535.461670 0.000000 1916.425903 0.000000 0.326753 0.000000 -0.945110 1.234357 1.234357 1.234357
3554.211914 0.000000 1909.982422 0.000000 0.669347 0.000000 -0.742950 0.913677 0.913677 0.913677
3542.431152 0.000000 1909.273804 0.000000 0.335244 0.000000 0.942131 0.455167 0.455167 0.455167
3543.541992 0.000000 1908.593262 0.000000 0.108361 0.000000 0.994112 0.408689 0.408689 0.408689
3557.879883 0.000000 1900.851685 0.000000 0.867447 0.000000 -0.497530 0.872000 0.872000 0.872000
3533.019775 0.000000 1916.822510 0.000000 0.167383 0.000000 -0.985892 1.325056 1.325056 1.325056
3554.071777 0.000000 1908.829834 0.000000 0.584596 0.000000 0.811325 0.458525 0.458525 0.458525
3564.002686 0.000000 1905.782349 0.000000 0.586501 0.000000 -0.809949 0.959024 0.959024 0.959024
3553.352539 0.000000 1912.924683 0.000000 0.201844 0.000000 0.979418 0.281764 0.281764 0.281764
3563.396973 0.000000 1899.436157 0.000000 0.350521 0.000000 -0.936555 1.024244 1.024244 1.024244
3555.008057 0.000000 1912.213867 0.000000 0.810679 0.000000 0.585491 0.421262 0.421262 0.421262
3565.915039 0.000000 1905.383057 0.000000 0.431042 0.000000 -0.902332 1.008708 1.008708 1.008708
3538.931885 0.000000 1904.877686 0.000000 0.990710 0.000000 0.135994 0.647314 0.647314 0.647314
3532.550537 0.000000 1917.775757 0.000000 0.491978 0.000000 -0.870608 1.170784 1.170784 1.170784
3535.137939 0.000000 1910.658447 0.000000 0.788810 0.000000 0.614637 0.442040 0.442040 0.442040
3555.488525 0.000000 1913.024170 0.000000 0.901821 0.000000 0.432110 0.500877 0.500877 0.500877
3556.943359 0.000000 1900.531006 0.000000 0.974371 0.000000 -0.224948 0.774940 0.774940 0.774940
3533.856201 0.000000 1916.228638 0.000000 0.702654 0.000000 0.711532 0.347202 0.347202 0.347202
3535.032471 0.000000 1917.500244 0.000000 0.366136 0.000000 0.930561 0.183768 0.183768 0.183768
3533.513916 0.000000 1917.560303 0.000000 0.106474 0.000000 0.994315 0.047539 0.047539 0.047539
3555.468994 0.000000 1913.883545 0.000000 0.964963 0.000000 -0.262384 0.818312 0.818312 0.818312
3516.129150 0.000000 1980.251953 0.000000 0.127752 0.000000 0.991806 0.510908 0.510908 0.510908
3505.939941 0.000000 1979.923706 0.000000 0.955617 0.000000 0.294612 0.657668 0.657668 0.657668
3516.848145 0.000000 1955.683105 0.000000 0.641810 0.000000 0.766864 0.632800 0.632800 0.632800
3506.753662 0.000000 1974.096802 0.000000 0.958571 0.000000 -0.284853 0.704543 0.704543 0.704543
3517.745361 0.000000 1970.617432 0.000000 0.974842 0.000000 0.222897 0.681144 0.681144 0.681144
3511.232178 0.000000 1977.281738 0.000000 0.944771 0.000000 -0.327732 0.711087 0.711087 0.711087
3513.881592 0.000000 1951.520264 0.000000 0.004890 0.000000 -0.999988 0.831354 0.831354 0.831354
3506.431152 0.000000 1983.506348 0.000000 0.989805 0.000000 0.142429 0.672527 0.672527 0.672527
3513.097900 0.000000 1981.865723 0.000000 0.070789 0.000000 -0.997491 0.833685 0.833685 0.833685
3503.286377 0.000000 1981.732422 0.000000 0.880579 0.000000 0.473899 0.508457 0.508457 0.508457
3509.947998 0.000000 1974.306274 0.000000 0.476306 0.000000 0.879280 0.559187 0.559187 0.559187
3515.375977 0.000000 1982.696655 0.000000 0.816566 0.000000 -0.577253 0.763448 0.763448 0.763448
3519.478027 0.000000 1955.889404 0.000000 0.465110 0.000000 0.885253 0.325761 0.325761 0.325761
3497.502441 0.000000 1983.462402 0.000000 0.968622 0.000000 -0.248537 0.726336 0.726336 0.726336
3518.664551 0.000000 1968.537720 0.000000 0.996508 0.000000 0.083491 0.690797 0.690797 0.690797
3515.900391 0.000000 1950.845581 0.000000 0.160418 0.000000 0.987049 0.562042 0.562042 0.562042
3507.383301 0.000000 1981.564331 0.000000 0.996597 0.000000 -0.082429 0.727112 0.727112 0.727112
3513.975098 0.000000 1980.032715 0.000000 0.052395 0.000000 -0.998626 0.835328 0.835328 0.835328
3512.764404 0.000000 1953.276367 0.000000 0.231514 0.000000 -0.972831 1.223444 1.223444 1.223444
3515.220947 0.000000 1952.996582 0.000000 0.663082 0.000000 -0.748547 0.824171 0.824171 0.824171
3505.194092 0.000000 1981.892456 0.000000 0.501511 0.000000 0.865151 0.252382 0.252382 0.252382
3508.345947 0.000000 1973.079224 0.000000 0.853261 0.000000 0.521485 0.639601 0.639601 0.639601
3504.034912 0.000000 1979.931152 0.000000 0.286203 0.000000 -0.958169 0.881265 0.881265 0.881265
3516.296875 0.000000 1969.540527 0.000000 0.843714 0.000000 0.536793 0.583152 0.583152 0.583152
3503.781250 0.000000 1983.369019 0.000000 0.976078 0.000000 -0.217420 0.745196 0.745196 0.745196
3511.174561 0.000000 1975.562134 0.000000 0.567609 0.000000 -0.823298 0.821699 0.821699 0.821699
3516.882324 0.000000 1981.983154 0.000000 0.301188 0.000000 0.953565 0.534217 0.534217 0.534217
3509.097656 0.000000 1983.162598 0.000000 0.033527 0.000000 0.999438 0.482394 0.482394 0.482394
3514.754639 0.000000 1981.325562 0.000000 0.509302 0.000000 0.860588 0.564157 0.564157 0.564157
3504.849365 0.000000 1978.628662 0.000000 0.598005 0.000000 0.801492 0.568385 0.568385 0.568385
3518.156494 0.000000 1955.099609 0.000000 0.996813 0.000000 -0.079771 0.727492 0.727492 0.727492
3498.707031 0.000000 1982.767578 0.000000 0.653011 0.000000 -0.757349 1.013834 1.013834 1.013834
3507.638428 0.000000 1982.940308 0.000000 0.618375 0.000000 0.785883 0.526197 0.526197 0.526197
3517.488281 0.000000 1969.036987 0.000000 0.515547 0.000000 0.856861 0.487774 0.487774 0.487774
3507.159424 0.000000 1980.282471 0.000000 0.743736 0.000000 0.668474 0.459454 0.459454 0.459454
3506.226074 0.000000 1981.175537 0.000000 0.125610 0.000000 0.992080 0.225300 0.225300 0.225300
3504.958008 0.000000 1980.693726 0.000000 0.848623 0.000000 -0.528999 0.938664 0.938664 0.938664
3502.548584 0.000000 1980.734985 0.000000 0.831833 0.000000 -0.555027 0.928276 0.928276 0.928276
3504.893555 0.000000 1983.023804 0.000000 0.317473 0.000000 0.948267 0.207203 0.207203 0.207203
3513.473877 0.000000 1952.510254 0.000000 0.354268 0.000000 0.935144 0.226857 0.226857 0.226857
3504.077148 0.000000 1982.377197 0.000000 0.999814 0.000000 -0.019289 0.707619 0.707619 0.707619
3519.138916 0.000000 1954.918579 0.000000 0.841968 0.000000 -0.539527 0.896193 0.896193 0.896193
3504.049072 0.000000 1981.060669 0.000000 0.826283 0.000000 -0.563255 0.956175 0.956175 0.956175
3512.027832 0.000000 1952.531982 0.000000 0.353555 0.000000 -0.935414 1.173441 1.173441 1.173441
3502.415527 0.000000 1981.900757 0.000000 0.190398 0.000000 0.981707 0.164910 0.164910 0.164910
3505.761963 0.000000 1982.856567 0.000000 0.958811 0.000000 -0.284046 0.813751 0.813751 0.813751
3540.536377 0.000000 1978.577515 0.000000 0.999481 0.000000 0.032223 0.695832 0.695832 0.695832
3530.951904 0.000000 1920.318115 0.000000 0.996549 0.000000 -0.083004 0.713796 0.713796 0.713796
3529.245605 0.000000 1929.776733 0.000000 0.984240 0.000000 0.176835 0.685399 0.685399 0.685399
3580.121338 0.000000 1980.251953 0.000000 0.999746 0.000000 0.022523 0.692285 0.692285 0.692285
3520.284180 0.000000 1953.696899 0.000000 0.885158 0.000000 0.465291 0.628110 0.628110 0.628110
3569.329102 0.000000 1933.012939 0.000000 0.580361 0.000000 0.814359 0.537022 0.537022 0.537022
3548.074463 0.000000 1982.504517 0.000000 0.489796 0.000000 0.871837 0.598218 0.598218 0.598218
3550.286133 0.000000 1955.339966 0.000000 0.622246 0.000000 0.782822 0.476860 0.476860 0.476860
3549.074707 0.000000 1921.254883 0.000000 0.999865 0.000000 -0.016413 0.701233 0.701233 0.701233
3553.821289 0.000000 1980.684326 0.000000 0.134857 0.000000 0.990865 0.677422 0.677422 0.677422
3545.274658 0.000000 1975.323120 0.000000 0.786722 0.000000 -0.617308 0.846500 0.846500 0.846500
3556.997314 0.000000 1925.275391 0.000000 0.723012 0.000000 0.690836 0.644023 0.644023 0.644023
3541.072754 0.000000 1945.795410 0.000000 0.776724 0.000000 0.629841 0.678567 0.678567 0.678567
3562.777588 0.000000 1941.310913 0.000000 0.956241 0.000000 0.292581 0.642921 0.642921 0.642921
3522.332764 0.000000 1949.073364 0.000000 0.495267 0.000000 -0.868741 0.712877 0.712877 0.712877
3557.554199 0.000000 1976.956055 0.000000 0.713073 0.000000 0.701090 0.661983 0.661983 0.661983
3531.673584 0.000000 1925.137573 0.000000 0.666645 0.000000 -0.745375 0.935182 0.935182 0.935182
3571.440918 0.000000 1961.237671 0.000000 0.885772 0.000000 -0.464121 0.842544 0.842544 0.842544
3554.003418 0.000000 1971.526123 0.000000 0.663482 0.000000 0.748192 0.502043 0.502043 0.502043
3581.584473 0.000000 1929.799072 0.000000 0.994263 0.000000 -0.106965 0.724909 0.724909 0.724909
3564.990967 0.000000 1945.401489 0.000000 0.949392 0.000000 -0.314093 0.782636 0.782636 0.782636
3550.296631 0.000000 1963.725342 0.000000 0.632863 0.000000 0.774263 0.639645 0.639645 0.639645
3548.238525 0.000000 1971.940918 0.000000 0.602160 0.000000 -0.798375 0.819569 0.819569 0.819569
3523.739014 0.000000 1920.784912 0.000000 0.952730 0.000000 -0.303819 0.762040 0.762040 0.762040
3538.519287 0.000000 1949.374023 0.000000 0.619177 0.000000 -0.785252 0.875185 0.875185 0.875185
3581.880615 0.000000 1959.676392 0.000000 0.958743 0.000000 -0.284274 0.772539 0.772539 0.772539
3575.858398 0.000000 1963.289307 0.000000 0.952768 0.000000 -0.303699 0.715099 0.715099 0.715099
3577.673096 0.000000 1937.322876 0.000000 0.562571 0.000000 0.826749 0.529907 0.529907 0.529907
3537.100098 0.000000 1919.536987 0.000000 0.082037 0.000000 0.996629 0.569921 0.569921 0.569921
3548.280518 0.000000 1978.228149 0.000000 0.751849 0.000000 0.659335 0.605639 0.605639 0.605639
3523.987061 0.000000 1952.548340 0.000000 0.933930 0.000000 0.357455 0.641229 0.641229 0.641229
3535.612305 0.000000 1927.087158 0.000000 0.296098 0.000000 0.955157 0.304882 0.304882 0.304882
3568.999023 0.000000 1964.036743 0.000000 0.699657 0.000000 -0.714479 0.751462 0.751462 0.751462
3531.353516 0.000000 1952.698730 0.000000 0.409439 0.000000 0.912338 0.635747 0.635747 0.635747
3553.315186 0.000000 1966.484253 0.000000 0.712363 0.000000 0.701811 0.585801 0.585801 0.585801
3561.927246 0.000000 1971.055908 0.000000 0.137197 0.000000 -0.990544 0.877825 0.877825 0.877825
3534.726074 0.000000 1934.160645 0.000000 0.961150 0.000000 -0.276026 0.768421 0.768421 0.768421
3551.773682 0.000000 1983.280518 0.000000 0.990702 0.000000 0.136051 0.682113 0.682113 0.682113
3520.102051 0.000000 1919.681152 0.000000 0.796156 0.000000 -0.605092 0.919194 0.919194 0.919194
3571.783447 0.000000 1941.260498 0.000000 0.670757 0.000000 -0.741677 0.968681 0.968681 0.968681
3528.717529 0.000000 1936.729370 0.000000 0.514929 0.000000 -0.857233 0.878179 0.878179 0.878179
3554.768311 0.000000 1927.417603 0.000000 0.824589 0.000000 -0.565732 0.812442 0.812442 0.812442
3539.043213 0.000000 1981.376831 0.000000 0.344172 0.000000 -0.938907 0.749015 0.749015 0.749015
3550.430664 0.000000 1980.501099 0.000000 0.197049 0.000000 -0.980394 0.779149 0.779149 0.779149
3532.056152 0.000000 1928.398804 0.000000 0.209260 0.000000 -0.977860 1.101658 1.101658 1.101658
3580.461914 0.000000 1967.854858 0.000000 0.641416 0.000000 -0.767193 0.944509 0.944509 0.944509
3562.147461 0.000000 1946.967529 0.000000 0.072377 0.000000 -0.997377 0.872821 0.872821 0.872821
3552.515137 0.000000 1957.448975 0.000000 0.010364 0.000000 -0.999946 0.762721 0.762721 0.762721
3552.709961 0.000000 1977.937134 0.000000 0.035536 0.000000 -0.999368 0.893175 0.893175 0.893175
3531.449219 0.000000 1931.815796 0.000000 0.281420 0.000000 -0.959585 0.958354 0.958354 0.958354
3551.089355 0.000000 1972.495850 0.000000 0.013062 0.000000 0.999915 0.509441 0.509441 0.509441
3529.231934 0.000000 1923.511841 0.000000 0.888196 0.000000 -0.459464 0.814297 0.814297 0.814297
3538.407471 0.000000 1944.422119 0.000000 0.966336 0.000000 0.257284 0.680901 0.680901 0.680901
3545.238281 0.000000 1972.222534 0.000000 0.902780 0.000000 0.430103 0.633179 0.633179 0.633179
3547.864258 0.000000 1956.862549 0.000000 0.979368 0.000000 0.202086 0.640613 0.640613 0.640613
3542.692139 0.000000 1976.606445 0.000000 0.520609 0.000000 -0.853795 0.769739 0.769739 0.769739
3564.197266 0.000000 1974.799438 0.000000 0.053550 0.000000 -0.998565 0.967799 0.967799 0.967799
3553.617920 0.000000 1954.549927 0.000000 0.910995 0.000000 0.412418 0.617537 0.617537 0.617537
3560.046143 0.000000 1942.212769 0.000000 0.863791 0.000000 -0.503850 0.740604 0.740604 0.740604
3562.477051 0.000000 1944.148193 0.000000 0.676022 0.000000 -0.736881 0.935988 0.935988 0.935988
3560.747803 0.000000 1939.473267 0.000000 0.148395 0.000000 -0.988928 1.276475 1.276475 1.276475
3525.499512 0.000000 1950.268433 0.000000 0.867028 0.000000 -0.498259 0.854047 0.854047 0.854047
3547.844971 0.000000 1974.551392 0.000000 0.993440 0.000000 -0.114354 0.725235 0.725235 0.725235
3574.160889 0.000000 1961.291138 0.000000 0.823678 0.000000 -0.567057 0.751630 0.751630 0.751630
3547.880127 0.000000 1954.247192 0.000000 0.141896 0.000000 -0.989882 0.902199 0.902199 0.902199
3566.667236 0.000000 1947.353760 0.000000 0.542042 0.000000 -0.840351 0.820334 0.820334 0.820334
3570.343262 0.000000 1958.731323 0.000000 0.992658 0.000000 0.120957 0.684531 0.684531 0.684531
3534.118164 0.000000 1924.792725 0.000000 0.676984 0.000000 0.735998 0.353081 0.353081 0.353081
3562.948242 0.000000 1964.484863 0.000000 0.859813 0.000000 -0.510610 0.921955 0.921955 0.921955
3572.813965 0.000000 1963.384521 0.000000 0.989532 0.000000 0.144311 0.683297 0.683297 0.683297
3579.368164 0.000000 1982.696655 0.000000 0.937880 0.000000 -0.346960 0.783594 0.783594 0.783594
3531.849609 0.000000 1922.572998 0.000000 0.342778 0.000000 -0.939416 1.039253 1.039253 1.039253
3538.882812 0.000000 1946.974731 0.000000 0.935333 0.000000 0.353768 0.608372 0.608372 0.608372
3540.068604 0.000000 1951.241211 0.000000 0.142108 0.000000 -0.989851 0.999509 0.999509 0.999509
3556.324219 0.000000 1970.922974 0.000000 0.655395 0.000000 0.755287 0.526453 0.526453 0.526453
3580.184082 0.000000 1931.975220 0.000000 0.395029 0.000000 0.918669 0.433362 0.433362 0.433362
3537.977539 0.000000 1921.693237 0.000000 0.615617 0.000000 0.788046 0.487455 0.487455 0.487455
3521.860107 0.000000 1951.458252 0.000000 0.599717 0.000000 0.800212 0.607595 0.607595 0.607595
3558.532959 0.000000 1979.249756 0.000000 0.671836 0.000000 -0.740699 0.788918 0.788918 0.788918
3564.211182 0.000000 1947.939697 0.000000 0.574782 0.000000 -0.818307 1.127121 1.127121 1.127121
3542.958496 0.000000 1957.825562 0.000000 0.992890 0.000000 0.119032 0.688532 0.688532 0.688532
3546.066162 0.000000 1977.634277 0.000000 0.680974 0.000000 0.732307 0.562144 0.562144 0.562144
3540.759766 0.000000 1948.932373 0.000000 0.842923 0.000000 -0.538035 0.817151 0.817151 0.817151
3538.173340 0.000000 1978.927246 0.000000 0.997017 0.000000 -0.077183 0.704726 0.704726 0.704726
3550.014893 0.000000 1970.448608 0.000000 0.937705 0.000000 0.347433 0.659074 0.659074 0.659074
3533.377197 0.000000 1951.050049 0.000000 0.450374 0.000000 -0.892840 0.863936 0.863936 0.863936
3527.081055 0.000000 1929.003906 0.000000 0.927599 0.000000 0.373578 0.675244 0.675244 0.675244
3540.103027 0.000000 1959.800171 0.000000 0.564410 0.000000 -0.825495 0.886674 0.886674 0.886674
3575.549072 0.000000 1937.947266 0.000000 0.658420 0.000000 -0.752651 0.902515 0.902515 0.902515
3542.546875 0.000000 1979.633911 0.000000 0.084893 0.000000 0.996390 0.598734 0.598734 0.598734
3569.758301 0.000000 1940.360840 0.000000 0.851621 0.000000 -0.524159 0.753995 0.753995 0.753995
3550.353027 0.000000 1977.584595 0.000000 0.962052 0.000000 0.272865 0.666674 0.666674 0.666674
3582.241455 0.000000 1980.010498 0.000000 0.189017 0.000000 0.981974 0.374275 0.374275 0.374275
3547.100586 0.000000 1922.008301 0.000000 0.998679 0.000000 -0.051387 0.706289 0.706289 0.706289
3529.318604 0.000000 1934.620239 0.000000 0.913822 0.000000 -0.406115 0.801586 0.801586 0.801586
3552.327393 0.000000 1964.360596 0.000000 0.863280 0.000000 -0.504725 0.789685 0.789685 0.789685
3536.804932 0.000000 1934.577637 0.000000 0.945108 0.000000 -0.326758 0.765153 0.765153 0.765153
3570.199463 0.000000 1965.736206 0.000000 0.666374 0.000000 -0.745618 1.047044 1.047044 1.047044
3533.588135 0.000000 1926.743774 0.000000 0.273892 0.000000 0.961761 0.277333 0.277333 0.277333
3554.976074 0.000000 1925.230347 0.000000 0.983999 0.000000 0.178174 0.672139 0.672139 0.672139
3534.335205 0.000000 1928.600586 0.000000 0.988831 0.000000 -0.149042 0.731111 0.731111 0.731111
3527.561279 0.000000 1930.977173 0.000000 0.224116 0.000000 0.974563 0.328687 0.328687 0.328687
3530.733398 0.000000 1926.929565 0.000000 0.946999 0.000000 -0.321238 0.761153 0.761153 0.761153
3538.989014 0.000000 1920.002441 0.000000 0.318790 0.000000 -0.947825 0.885138 0.885138 0.885138
3534.263916 0.000000 1942.124146 0.000000 0.999903 0.000000 0.013931 0.695910 0.695910 0.695910
3549.043945 0.000000 1976.125122 0.000000 0.578378 0.000000 0.815769 0.578287 0.578287 0.578287
3562.864502 0.000000 1969.327637 0.000000 0.960060 0.000000 -0.279793 0.724283 0.724283 0.724283
3568.674805 0.000000 1930.169067 0.000000 0.361086 0.000000 -0.932532 0.958237 0.958237 0.958237
3523.640869 0.000000 1950.664673 0.000000 0.170327 0.000000 0.985388 0.289076 0.289076 0.289076
3550.608398 0.000000 1957.252563 0.000000 0.999884 0.000000 0.015217 0.697234 0.697234 0.697234
3548.129150 0.000000 1970.035400 0.000000 0.850842 0.000000 -0.525422 0.771542 0.771542 0.771542
3536.078857 0.000000 1921.370239 0.000000 0.249650 0.000000 -0.968336 1.008756 1.008756 1.008756
3533.223633 0.000000 1953.131104 0.000000 0.949467 0.000000 0.313867 0.601803 0.601803 0.601803
3521.799316 0.000000 1920.561279 0.000000 0.304218 0.000000 0.952602 0.428799 0.428799 0.428799
3555.200928 0.000000 1966.666260 0.000000 0.759016 0.000000 -0.651073 0.861074 0.861074 0.861074
3549.622803 0.000000 1973.822266 0.000000 0.881269 0.000000 0.472616 0.635481 0.635481 0.635481
3529.443848 0.000000 1921.535645 0.000000 0.370612 0.000000 0.928788 0.456453 0.456453 0.456453
3532.791748 0.000000 1919.625732 0.000000 0.983009 0.000000 0.183558 0.681934 0.681934 0.681934
3540.979492 0.000000 1958.142944 0.000000 0.054434 0.000000 -0.998517 0.991492 0.991492 0.991492
3560.030273 0.000000 1970.795898 0.000000 0.741325 0.000000 0.671146 0.608709 0.608709 0.608709
3544.143066 0.000000 1977.834717 0.000000 0.498577 0.000000 -0.866846 0.802644 0.802644 0.802644
3552.136719 0.000000 1955.647705 0.000000 0.892438 0.000000 -0.451171 0.790798 0.790798 0.790798
3532.495117 0.000000 1942.612671 0.000000 0.445494 0.000000 0.895285 0.541068 0.541068 0.541068
3563.718262 0.000000 1970.904297 0.000000 0.965641 0.000000 0.259881 0.654056 0.654056 0.654056
3532.301270 0.000000 1930.224243 0.000000 0.163728 0.000000 0.986506 0.439486 0.439486 0.439486
3546.804688 0.000000 1973.080200 0.000000 0.995538 0.000000 -0.094364 0.714038 0.714038 0.714038
3553.239502 0.000000 1962.159302 0.000000 0.710646 0.000000 0.703550 0.579987 0.579987 0.579987
3552.106934 0.000000 1979.616455 0.000000 0.986862 0.000000 0.161565 0.662850 0.662850 0.662850
3546.268555 0.000000 1957.600098 0.000000 0.979009 0.000000 0.203818 0.640097 0.640097 0.640097
3581.886963 0.000000 1928.048462 0.000000 0.997340 0.000000 0.072893 0.683043 0.683043 0.683043
3547.244873 0.000000 1976.326538 0.000000 0.515274 0.000000 0.857026 0.527288 0.527288 0.527288
3526.871094 0.000000 1932.618530 0.000000 0.792978 0.000000 -0.609250 0.935843 0.935843 0.935843
3552.034424 0.000000 1967.702393 0.000000 0.284374 0.000000 -0.958713 0.888259 0.888259 0.888259
3580.090820 0.000000 1959.549927 0.000000 0.202752 0.000000 0.979230 0.356085 0.356085 0.356085
3563.257080 0.000000 1945.677612 0.000000 0.212027 0.000000 -0.977264 1.086592 1.086592 1.086592
3580.874512 0.000000 1981.983154 0.000000 0.940896 0.000000 -0.338696 0.818353 0.818353 0.818353
3519.908691 0.000000 1968.748657 0.000000 0.097331 0.000000 0.995252 0.537792 0.537792 0.537792
3566.657471 0.000000 1945.580444 0.000000 0.670490 0.000000 0.741918 0.499863 0.499863 0.499863
3574.912109 0.000000 1936.401245 0.000000 0.567699 0.000000 -0.823236 0.929849 0.929849 0.929849
3529.864990 0.000000 1931.471802 0.000000 0.820439 0.000000 0.571734 0.598957 0.598957 0.598957
3528.790527 0.000000 1919.672974 0.000000 0.797644 0.000000 -0.603128 0.810879 0.810879 0.810879
3540.459473 0.000000 1947.312866 0.000000 0.808915 0.000000 -0.587926 0.848276 0.848276 0.848276
3520.381592 0.000000 1921.296631 0.000000 0.931548 0.000000 -0.363618 0.779994 0.779994 0.779994
3581.598877 0.000000 1966.709473 0.000000 0.806721 0.000000 0.590933 0.523224 0.523224 0.523224
3520.294189 0.000000 1952.085693 0.000000 0.729307 0.000000 -0.684187 0.811927 0.811927 0.811927
3571.727051 0.000000 1959.536865 0.000000 0.670256 0.000000 0.742130 0.593317 0.593317 0.593317
3554.164795 0.000000 1967.871094 0.000000 0.231298 0.000000 -0.972883 1.003835 1.003835 1.003835
3561.147217 0.000000 1941.039917 0.000000 0.328338 0.000000 0.944560 0.369450 0.369450 0.369450
3530.840088 0.000000 1923.795288 0.000000 0.268293 0.000000 -0.963337 1.060997 1.060997 1.060997
3553.926270 0.000000 1978.952026 0.000000 0.841717 0.000000 -0.539919 0.830570 0.830570 0.830570
3541.065430 0.000000 1976.732056 0.000000 0.370600 0.000000 -0.928793 0.856121 0.856121 0.856121
3545.407227 0.000000 1973.774292 0.000000 0.987194 0.000000 -0.159527 0.724079 0.724079 0.724079
3535.263428 0.000000 1919.999023 0.000000 0.875447 0.000000 -0.483314 0.815482 0.815482 0.815482
3564.056885 0.000000 1944.153320 0.000000 0.824976 0.000000 0.565168 0.544650 0.544650 0.544650
3549.770752 0.000000 1978.991821 0.000000 0.422005 0.000000 -0.906593 0.848781 0.848781 0.848781
3580.048584 0.000000 1929.820679 0.000000 0.553565 0.000000 0.832806 0.471254 0.471254 0.471254
3546.802979 0.000000 1955.768921 0.000000 0.797651 0.000000 0.603119 0.608357 0.608357 0.608357
3535.120117 0.000000 1943.663940 0.000000 0.741789 0.000000 0.670633 0.484190 0.484190 0.484190
3549.397705 0.000000 1954.083984 0.000000 0.661762 0.000000 0.749714 0.590383 0.590383 0.590383
3571.723389 0.000000 1964.427612 0.000000 0.421482 0.000000 -0.906837 1.168404 1.168404 1.168404
3581.568115 0.000000 1931.403687 0.000000 0.139809 0.000000 0.990179 0.372504 0.372504 0.372504
3556.933838 0.000000 1979.310791 0.000000 0.584627 0.000000 0.811302 0.420496 0.420496 0.420496
3568.582764 0.000000 1931.657715 0.000000 0.309359 0.000000 -0.950945 0.970040 0.970040 0.970040
3549.143311 0.000000 1957.661865 0.000000 0.760020 0.000000 0.649900 0.498478 0.498478 0.498478
3562.780762 0.000000 1975.412231 0.000000 0.725379 0.000000 0.688349 0.519557 0.519557 0.519557
3521.611328 0.000000 1952.897705 0.000000 0.901968 0.000000 -0.431802 0.766324 0.766324 0.766324
3563.362061 0.000000 1942.687866 0.000000 0.554552 0.000000 0.832149 0.316925 0.316925 0.316925
3526.718506 0.000000 1919.562134 0.000000 0.556505 0.000000 0.830845 0.418950 0.418950 0.418950
3572.809082 0.000000 1960.694458 0.000000 0.977944 0.000000 -0.208869 0.788254 0.788254 0.788254
3541.220459 0.000000 1950.336792 0.000000 0.511335 0.000000 -0.859382 0.916853 0.916853 0.916853
3540.442627 0.000000 1956.779785 0.000000 0.243666 0.000000 0.969859 0.355074 0.355074 0.355074
3555.896729 0.000000 1926.418701 0.000000 0.870336 0.000000 0.492458 0.603716 0.603716 0.603716
3527.758545 0.000000 1933.772705 0.000000 0.998614 0.000000 -0.052635 0.718957 0.718957 0.718957
3525.176025 0.000000 1951.670898 0.000000 0.434499 0.000000 0.900672 0.368829 0.368829 0.368829
3565.275635 0.000000 1946.822021 0.000000 0.264650 0.000000 0.964344 0.119359 0.119359 0.119359
3565.612305 0.000000 1944.142700 0.000000 0.986404 0.000000 0.164340 0.657301 0.657301 0.657301
3565.699219 0.000000 1975.356201 0.000000 0.999118 0.000000 0.041995 0.692585 0.692585 0.692585
3532.236572 0.000000 1926.442261 0.000000 0.506888 0.000000 0.862012 0.360383 0.360383 0.360383
3552.079590 0.000000 1962.986816 0.000000 0.994457 0.000000 0.105140 0.683801 0.683801 0.683801
3537.514160 0.000000 1935.852051 0.000000 0.512222 0.000000 -0.858853 0.902194 0.902194 0.902194
3535.444580 0.000000 1929.817627 0.000000 0.990300 0.000000 0.138947 0.671010 0.671010 0.671010
3539.385254 0.000000 1948.287109 0.000000 0.887776 0.000000 0.460277 0.607217 0.607217 0.607217
3535.200439 0.000000 1925.775879 0.000000 0.972814 0.000000 -0.231590 0.798023 0.798023 0.798023
3541.455566 0.000000 1951.837524 0.000000 0.616720 0.000000 -0.787183 0.890045 0.890045 0.890045
3555.370361 0.000000 1971.905640 0.000000 0.657807 0.000000 0.753186 0.500273 0.500273 0.500273
3546.365234 0.000000 1920.859985 0.000000 0.712266 0.000000 -0.701910 0.869969 0.869969 0.869969
3546.612793 0.000000 1975.130127 0.000000 0.998320 0.000000 0.057949 0.687233 0.687233 0.687233
3581.042480 0.000000 1958.515259 0.000000 0.831760 0.000000 0.555136 0.551896 0.551896 0.551896
3530.457764 0.000000 1922.473022 0.000000 0.995315 0.000000 0.096683 0.673093 0.673093 0.673093
3547.748779 0.000000 1920.773804 0.000000 0.951908 0.000000 -0.306383 0.768023 0.768023 0.768023
3578.021484 0.000000 1982.860352 0.000000 0.684620 0.000000 0.728900 0.507318 0.507318 0.507318
3583.047363 0.000000 1959.085693 0.000000 0.099183 0.000000 -0.995069 1.011149 1.011149 1.011149
3535.356201 0.000000 1924.298218 0.000000 0.704420 0.000000 -0.709784 1.031003 1.031003 1.031003
3533.331787 0.000000 1929.424927 0.000000 0.903830 0.000000 -0.427892 0.830588 0.830588 0.830588
3541.747314 0.000000 1947.097900 0.000000 0.963998 0.000000 0.265910 0.636502 0.636502 0.636502
3576.178955 0.000000 1936.775879 0.000000 0.844560 0.000000 0.535461 0.601252 0.601252 0.601252
3570.389160 0.000000 1964.393799 0.000000 0.139794 0.000000 0.990181 0.110001 0.110001 0.110001
3539.780518 0.000000 1949.806274 0.000000 0.529143 0.000000 0.848533 0.503456 0.503456 0.503456
3533.083252 0.000000 1931.286133 0.000000 0.049810 0.000000 -0.998759 0.981750 0.981750 0.981750
3551.345459 0.000000 1954.638550 0.000000 0.966574 0.000000 -0.256388 0.764343 0.764343 0.764343
3541.561523 0.000000 1959.273315 0.000000 0.168794 0.000000 -0.985651 0.969357 0.969357 0.969357
3570.715332 0.000000 1941.942017 0.000000 0.942006 0.000000 -0.335595 0.810048 0.810048 0.810048
3580.268555 0.000000 1966.587769 0.000000 0.306202 0.000000 -0.951967 1.052200 1.052200 1.052200
3541.760986 0.000000 1957.145020 0.000000 0.300848 0.000000 -0.953672 1.029449 1.029449 1.029449
3533.019775 0.000000 1925.375854 0.000000 0.712444 0.000000 -0.701729 1.046623 1.046623 1.046623
3580.492676 0.000000 1983.305054 0.000000 0.997865 0.000000 -0.065305 0.721357 0.721357 0.721357
3569.749268 0.000000 1930.800903 0.000000 0.999927 0.000000 -0.012065 0.702593 0.702593 0.702593
3538.162598 0.000000 1947.992920 0.000000 0.982998 0.000000 -0.183615 0.746794 0.746794 0.746794
3526.649414 0.000000 1930.157715 0.000000 0.777077 0.000000 0.629405 0.512022 0.512022 0.512022
3530.854980 0.000000 1930.744751 0.000000 0.719544 0.000000 0.694447 0.545724 0.545724 0.545724
3581.810547 0.000000 1981.191162 0.000000 0.997435 0.000000 0.071574 0.675463 0.675463 0.675463
3533.258789 0.000000 1927.968506 0.000000 0.796687 0.000000 0.604392 0.487907 0.487907 0.487907
3536.250000 0.000000 1935.734131 0.000000 0.732447 0.000000 -0.680824 0.846579 0.846579 0.846579
3574.393066 0.000000 1937.540527 0.000000 0.953897 0.000000 -0.300133 0.772450 0.772450 0.772450
3557.742676 0.000000 1978.176025 0.000000 0.026255 0.000000 0.999655 0.243834 0.243834 0.243834
3522.273926 0.000000 1950.279297 0.000000 0.904941 0.000000 0.425538 0.570949 0.570949 0.570949
3537.182617 0.000000 1920.756836 0.000000 0.836931 0.000000 0.547309 0.564378 0.564378 0.564378
3557.563721 0.000000 1971.114624 0.000000 0.983579 0.000000 0.180480 0.663212 0.663212 0.663212
3549.765869 0.000000 1956.421631 0.000000 0.000529 0.000000 1.000000 0.252700 0.252700 0.252700
3561.846924 0.000000 1938.833496 0.000000 0.923532 0.000000 0.383522 0.540416 0.540416 0.540416
3580.902344 0.000000 1928.801392 0.000000 0.064822 0.000000 0.997897 0.349979 0.349979 0.349979
3581.623291 0.000000 1982.966064 0.000000 0.876250 0.000000 0.481857 0.535695 0.535695 0.535695
3528.652344 0.000000 1922.368896 0.000000 0.798492 0.000000 0.602006 0.545333 0.545333 0.545333
3563.133301 0.000000 1974.306274 0.000000 0.764899 0.000000 -0.644150 0.866349 0.866349 0.866349
3534.527100 0.000000 1927.462280 0.000000 0.902507 0.000000 -0.430674 0.838501 0.838501 0.838501
3583.003662 0.000000 1981.146362 0.000000 0.206654 0.000000 0.978414 0.378520 0.378520 0.378520
3519.579590 0.000000 1954.712280 0.000000 0.037650 0.000000 0.999291 0.172181 0.172181 0.172181
3570.352051 0.000000 1961.532349 0.000000 0.175254 0.000000 0.984523 0.288107 0.288107 0.288107
3532.180420 0.000000 1953.503906 0.000000 0.791061 0.000000 -0.611737 0.902462 0.902462 0.902462
3535.681152 0.000000 1934.712769 0.000000 0.168851 0.000000 -0.985642 1.042804 1.042804 1.042804
3521.332764 0.000000 1919.551270 0.000000 0.828277 0.000000 0.560319 0.499394 0.499394 0.499394
3529.196289 0.000000 1935.699341 0.000000 0.532876 0.000000 0.846193 0.454948 0.454948 0.454948
3547.675049 0.000000 1957.969727 0.000000 0.440288 0.000000 0.897857 0.374627 0.374627 0.374627
3530.739990 0.000000 1925.816528 0.000000 0.591968 0.000000 -0.805962 0.962081 0.962081 0.962081
3581.194092 0.000000 1980.276123 0.000000 0.591338 0.000000 -0.806424 1.021317 1.021317 1.021317
3571.255615 0.000000 1965.441650 0.000000 0.704462 0.000000 0.709741 0.374539 0.374539 0.374539
3570.699951 0.000000 1940.888794 0.000000 0.992489 0.000000 0.122332 0.660565 0.660565 0.660565
3527.838623 0.000000 1932.027344 0.000000 0.978126 0.000000 -0.208012 0.775436 0.775436 0.775436
3581.669922 0.000000 1967.954590 0.000000 0.401398 0.000000 0.915904 0.376277 0.376277 0.376277
3562.249023 0.000000 1945.875244 0.000000 0.413643 0.000000 -0.910439 1.025974 1.025974 1.025974
3527.741699 0.000000 1919.792358 0.000000 0.961324 0.000000 0.275420 0.620030 0.620030 0.620030
3534.136475 0.000000 1925.867432 0.000000 0.998082 0.000000 0.061899 0.674021 0.674021 0.674021
3564.401123 0.000000 1946.278320 0.000000 0.177979 0.000000 0.984034 0.079738 0.079738 0.079738
3535.166504 0.000000 1942.642822 0.000000 0.172126 0.000000 -0.985075 1.110388 1.110388 1.110388
3522.851074 0.000000 1951.284058 0.000000 0.970188 0.000000 0.242351 0.628131 0.628131 0.628131
3560.897705 0.000000 1938.469849 0.000000 0.998444 0.000000 0.055754 0.677383 0.677383 0.677383
3524.169678 0.000000 1951.562500 0.000000 0.851401 0.000000 -0.524515 0.863071 0.863071 0.863071
3526.369141 0.000000 1933.432251 0.000000 0.877474 0.000000 0.479624 0.519917 0.519917 0.519917
3562.536621 0.000000 1943.211548 0.000000 0.998249 0.000000 0.059158 0.676932 0.676932 0.676932
3562.751465 0.000000 1965.348877 0.000000 0.415263 0.000000 0.909702 0.226776 0.226776 0.226776
3563.293701 0.000000 1943.676880 0.000000 0.623590 0.000000 -0.781752 1.049754 1.049754 1.049754
3562.626709 0.000000 1942.170776 0.000000 0.995046 0.000000 -0.099416 0.738808 0.738808 0.738808
3565.049072 0.000000 1947.682373 0.000000 0.998058 0.000000 0.062286 0.672225 0.672225 0.672225
3560.019287 0.000000 1938.716675 0.000000 0.421318 0.000000 -0.906913 1.160538 1.160538 1.160538
3534.551270 0.000000 1924.027466 0.000000 0.189244 0.000000 -0.981930 1.278969 1.278969 1.278969
3572.260986 0.000000 1961.376099 0.000000 0.282277 0.000000 0.959333 0.161201 0.161201 0.161201
3564.418457 0.000000 1947.119385 0.000000 0.985753 0.000000 0.168201 0.624686 0.624686 0.624686
3532.413818 0.000000 1924.727173 0.000000 0.814072 0.000000 -0.580764 0.976144 0.976144 0.976144
3565.863281 0.000000 1947.630493 0.000000 0.857229 0.000000 0.514935 0.458943 0.458943 0.458943
3510.631348 0.000000 1984.267822 0.000000 0.845101 0.000000 0.534607 0.507786 0.507786 0.507786
3497.012939 0.000000 1985.586792 0.000000 0.943270 0.000000 -0.332026 0.717153 0.717153 0.717153
3517.592285 0.000000 1993.783447 0.000000 0.562200 0.000000 -0.827001 0.796998 0.796998 0.796998
3513.955566 0.000000 1985.484009 0.000000 0.505201 0.000000 -0.863002 1.042076 1.042076 1.042076
3506.586914 0.000000 1993.687622 0.000000 0.964400 0.000000 0.264446 0.633118 0.633118 0.633118
3499.894043 0.000000 1983.668579 0.000000 0.562342 0.000000 0.826904 0.344405 0.344405 0.344405
3518.434814 0.000000 1996.906372 0.000000 0.814730 0.000000 -0.579841 0.747561 0.747561 0.747561
3507.518799 0.000000 1983.952393 0.000000 0.819733 0.000000 0.572746 0.582766 0.582766 0.582766
3518.459229 0.000000 2002.108276 0.000000 0.153341 0.000000 -0.988173 0.863420 0.863420 0.863420
3516.191895 0.000000 1995.959595 0.000000 0.253268 0.000000 -0.967396 0.922869 0.922869 0.922869
3516.105225 0.000000 2002.157349 0.000000 0.600876 0.000000 -0.799342 0.821396 0.821396 0.821396
3514.000977 0.000000 1987.812866 0.000000 0.872758 0.000000 -0.488153 0.753473 0.753473 0.753473
3515.166016 0.000000 1983.632568 0.000000 0.854244 0.000000 0.519872 0.643631 0.643631 0.643631
3515.913818 0.000000 1986.274414 0.000000 0.371259 0.000000 0.928529 0.575177 0.575177 0.575177
3498.046875 0.000000 1984.118286 0.000000 0.835796 0.000000 -0.549039 0.776179 0.776179 0.776179
3517.894775 0.000000 1992.032837 0.000000 0.868143 0.000000 0.496314 0.648267 0.648267 0.648267
3508.985107 0.000000 1984.845825 0.000000 0.998446 0.000000 0.055722 0.680417 0.680417 0.680417
3518.618164 0.000000 2003.851562 0.000000 0.229974 0.000000 0.973197 0.545588 0.545588 0.545588
3518.996582 0.000000 1994.911133 0.000000 0.764696 0.000000 0.644392 0.394073 0.394073 0.394073
3517.575928 0.000000 1995.388062 0.000000 0.560393 0.000000 0.828227 0.534564 0.534564 0.534564
3503.927002 0.000000 1983.546021 0.000000 0.803938 0.000000 0.594714 0.568660 0.568660 0.568660
3513.055664 0.000000 1986.654907 0.000000 0.220914 0.000000 0.975293 0.492688 0.492688 0.492688
3502.386963 0.000000 1983.581299 0.000000 0.990478 0.000000 -0.137669 0.728480 0.728480 0.728480
3507.063965 0.000000 1990.911743 0.000000 0.987143 0.000000 -0.159842 0.735629 0.735629 0.735629
3510.301270 0.000000 1985.601440 0.000000 0.052927 0.000000 -0.998598 1.217249 1.217249 1.217249
3512.655518 0.000000 1985.055298 0.000000 0.188915 0.000000 0.981993 0.246364 0.246364 0.246364
3506.817871 0.000000 1992.394653 0.000000 0.996604 0.000000 -0.082342 0.720601 0.720601 0.720601
3513.984131 0.000000 1984.198120 0.000000 0.074978 0.000000 0.997185 0.208579 0.208579 0.208579
3511.551270 0.000000 1984.994751 0.000000 0.428557 0.000000 0.903515 0.315635 0.315635 0.315635
3507.770020 0.000000 1993.511353 0.000000 0.297588 0.000000 0.954694 0.382963 0.382963 0.382963
3519.006592 0.000000 1995.960083 0.000000 0.880385 0.000000 0.474260 0.484119 0.484119 0.484119
3498.808594 0.000000 1983.523926 0.000000 0.829431 0.000000 0.558609 0.483516 0.483516 0.483516
3518.490723 0.000000 1994.050171 0.000000 0.980492 0.000000 0.196557 0.613562 0.613562 0.613562
3508.835693 0.000000 1985.763916 0.000000 0.921331 0.000000 0.388780 0.559738 0.559738 0.559738
3567.848389 0.000000 2005.458984 0.000000 0.518895 0.000000 0.854838 0.390038 0.390038 0.390038
3574.623535 0.000000 1984.267822 0.000000 0.999331 0.000000 -0.036583 0.702750 0.702750 0.702750
3556.774902 0.000000 2029.433228 0.000000 0.072512 0.000000 -0.997368 1.024665 1.024665 1.024665
3530.951904 0.000000 1984.302490 0.000000 0.513247 0.000000 -0.858241 0.898353 0.898353 0.898353
3536.636719 0.000000 2000.933228 0.000000 0.999993 0.000000 -0.003790 0.701040 0.701040 0.701040
3562.555420 0.000000 1991.462280 0.000000 0.429183 0.000000 0.903218 0.623174 0.623174 0.623174
3553.359375 0.000000 2004.427612 0.000000 0.986408 0.000000 0.164317 0.696538 0.696538 0.696538
3519.942871 0.000000 1986.808716 0.000000 0.449574 0.000000 -0.893243 0.769488 0.769488 0.769488
3546.539795 0.000000 2025.321167 0.000000 0.977968 0.000000 0.208755 0.694120 0.694120 0.694120
3529.245605 0.000000 1993.761108 0.000000 0.081861 0.000000 0.996644 0.580314 0.580314 0.580314
3541.144775 0.000000 1983.869629 0.000000 0.580310 0.000000 -0.814396 0.764863 0.764863 0.764863
3549.074707 0.000000 1985.239258 0.000000 0.923242 0.000000 0.384219 0.678635 0.678635 0.678635
3553.237793 0.000000 2024.384155 0.000000 0.681645 0.000000 0.731683 0.334229 0.334229 0.334229
3562.178955 0.000000 2031.350464 0.000000 0.393297 0.000000 0.919412 0.540981 0.540981 0.540981
3541.072754 0.000000 2009.779785 0.000000 0.433650 0.000000 0.901081 0.527411 0.527411 0.527411
3531.673584 0.000000 1989.121948 0.000000 0.483870 0.000000 -0.875140 0.897419 0.897419 0.897419
3545.759521 0.000000 2011.354980 0.000000 0.330016 0.000000 0.943975 0.570559 0.570559 0.570559
3552.265381 0.000000 1989.560791 0.000000 0.457058 0.000000 0.889437 0.341793 0.341793 0.341793
3554.003418 0.000000 2035.510498 0.000000 0.483931 0.000000 0.875106 0.606884 0.606884 0.606884
3581.584473 0.000000 1993.783447 0.000000 0.998629 0.000000 -0.052345 0.709060 0.709060 0.709060
3550.296631 0.000000 2027.709717 0.000000 0.912581 0.000000 -0.408896 0.753003 0.753003 0.753003
3550.647461 0.000000 1994.927979 0.000000 0.385001 0.000000 -0.922916 0.944478 0.944478 0.944478
3523.739014 0.000000 1984.769287 0.000000 0.779282 0.000000 0.626673 0.623066 0.623066 0.623066
3570.789795 0.000000 1986.964844 0.000000 0.420592 0.000000 0.907250 0.622527 0.622527 0.622527
3538.519287 0.000000 2013.358398 0.000000 0.402144 0.000000 0.915577 0.380548 0.380548 0.380548
3537.100098 0.000000 1983.521362 0.000000 0.924461 0.000000 -0.381277 0.724610 0.724610 0.724610
3522.851074 0.000000 1989.387085 0.000000 0.255361 0.000000 0.966846 0.651829 0.651829 0.651829
3556.852539 0.000000 2025.794922 0.000000 0.956109 0.000000 0.293013 0.673496 0.673496 0.673496
3519.691162 0.000000 1996.003174 0.000000 0.982557 0.000000 -0.185962 0.714383 0.714383 0.714383
3582.756104 0.000000 1990.418579 0.000000 0.947534 0.000000 0.319656 0.576613 0.576613 0.576613
3560.238770 0.000000 1988.805054 0.000000 0.740805 0.000000 -0.671720 0.799110 0.799110 0.799110
3534.726074 0.000000 1998.145020 0.000000 0.141820 0.000000 0.989892 0.627604 0.627604 0.627604
3522.915527 0.000000 1996.578369 0.000000 0.534038 0.000000 0.845461 0.567958 0.567958 0.567958
3554.550781 0.000000 1987.221313 0.000000 0.177786 0.000000 0.984069 0.629451 0.629451 0.629451
3571.783447 0.000000 2005.244873 0.000000 0.999796 0.000000 0.020187 0.695061 0.695061 0.695061
3528.791016 0.000000 1990.415527 0.000000 0.619361 0.000000 0.785106 0.606908 0.606908 0.606908
3555.722168 0.000000 2032.489868 0.000000 0.714784 0.000000 0.699345 0.579541 0.579541 0.579541
3533.977539 0.000000 1985.083618 0.000000 0.940457 0.000000 0.339914 0.639996 0.639996 0.639996
3554.768311 0.000000 1991.401978 0.000000 0.441403 0.000000 -0.897309 0.777847 0.777847 0.777847
3582.427002 0.000000 1996.906372 0.000000 0.691553 0.000000 0.722325 0.647809 0.647809 0.647809
3564.865234 0.000000 2032.954102 0.000000 0.026165 0.000000 0.999658 0.565032 0.565032 0.565032
3542.558105 0.000000 2003.553223 0.000000 0.817373 0.000000 -0.576109 0.917808 0.917808 0.917808
3544.089600 0.000000 2008.829712 0.000000 0.902430 0.000000 -0.430837 0.728023 0.728023 0.728023
3519.641602 0.000000 2002.093018 0.000000 0.343692 0.000000 0.939082 0.559290 0.559290 0.559290
3561.987549 0.000000 2020.849487 0.000000 0.870378 0.000000 0.492385 0.583938 0.583938 0.583938
3529.231934 0.000000 1987.496216 0.000000 0.416209 0.000000 0.909269 0.576316 0.576316 0.576316
3538.407471 0.000000 2008.406494 0.000000 0.709819 0.000000 0.704384 0.544295 0.544295 0.544295
3559.000732 0.000000 2020.072510 0.000000 0.404972 0.000000 -0.914329 0.885513 0.885513 0.885513
3541.815430 0.000000 2006.717407 0.000000 0.624471 0.000000 0.781048 0.635776 0.635776 0.635776
3551.071777 0.000000 1992.107788 0.000000 0.961580 0.000000 -0.274526 0.727702 0.727702 0.727702
3560.046143 0.000000 2006.197144 0.000000 0.853110 0.000000 0.521731 0.546526 0.546526 0.546526
3565.416504 0.000000 2004.074219 0.000000 0.786600 0.000000 0.617463 0.595326 0.595326 0.595326
3559.879150 0.000000 2029.628540 0.000000 0.957446 0.000000 0.288613 0.569528 0.569528 0.569528
3547.916748 0.000000 2013.044312 0.000000 0.766895 0.000000 0.641773 0.639113 0.639113 0.639113
3555.721924 0.000000 2002.873291 0.000000 0.910332 0.000000 -0.413878 0.820805 0.820805 0.820805
3564.928223 0.000000 2006.785645 0.000000 0.361666 0.000000 0.932308 0.515341 0.515341 0.515341
3553.120605 0.000000 2033.095947 0.000000 0.290764 0.000000 -0.956795 0.876132 0.876132 0.876132
3550.293213 0.000000 2000.661133 0.000000 0.151845 0.000000 -0.988404 0.932998 0.932998 0.932998
3573.292236 0.000000 1986.558594 0.000000 0.985832 0.000000 0.167737 0.644040 0.644040 0.644040
3570.032471 0.000000 2007.065430 0.000000 0.236787 0.000000 -0.971562 0.939714 0.939714 0.939714
3547.747070 0.000000 2027.516724 0.000000 0.976714 0.000000 -0.214546 0.718516 0.718516 0.718516
3537.419189 0.000000 2015.551880 0.000000 0.529518 0.000000 0.848299 0.248678 0.248678 0.248678
3531.849609 0.000000 1986.557373 0.000000 0.038688 0.000000 -0.999251 1.045394 1.045394 1.045394
3524.103271 0.000000 1987.298828 0.000000 0.903408 0.000000 0.428782 0.658955 0.658955 0.658955
3553.128174 0.000000 1993.325928 0.000000 0.730869 0.000000 -0.682518 0.898231 0.898231 0.898231
3551.055176 0.000000 2030.009155 0.000000 0.447386 0.000000 -0.894341 0.910860 0.910860 0.910860
3552.874756 0.000000 1995.594727 0.000000 0.642138 0.000000 0.766589 0.599249 0.599249 0.599249
3519.642090 0.000000 1992.764526 0.000000 0.989428 0.000000 -0.145027 0.709411 0.709411 0.709411
3551.380127 0.000000 2025.737305 0.000000 0.047378 0.000000 0.998877 0.492343 0.492343 0.492343
3559.059326 0.000000 2025.300537 0.000000 0.957221 0.000000 -0.289357 0.775413 0.775413 0.775413
3522.135498 0.000000 1986.434570 0.000000 0.996228 0.000000 -0.086774 0.711388 0.711388 0.711388
3569.758301 0.000000 2004.345215 0.000000 0.995297 0.000000 -0.096867 0.715429 0.715429 0.715429
3579.158203 0.000000 1983.632568 0.000000 0.403906 0.000000 -0.914801 0.972495 0.972495 0.972495
3560.233643 0.000000 1991.124878 0.000000 0.987168 0.000000 0.159683 0.668611 0.668611 0.668611
3583.399902 0.000000 1998.876099 0.000000 0.647523 0.000000 0.762046 0.637917 0.637917 0.637917
3525.573486 0.000000 1985.748535 0.000000 0.037940 0.000000 0.999280 0.579455 0.579455 0.579455
3550.386719 0.000000 1983.588135 0.000000 0.045701 0.000000 -0.998955 0.899890 0.899890 0.899890
3552.327393 0.000000 2028.344971 0.000000 0.136322 0.000000 -0.990665 1.133559 1.133559 1.133559
3536.804932 0.000000 1998.562012 0.000000 0.053520 0.000000 -0.998567 1.376138 1.376138 1.376138
3533.588135 0.000000 1990.728149 0.000000 0.917939 0.000000 -0.396722 0.731368 0.731368 0.731368
3545.660400 0.000000 2027.703613 0.000000 0.954035 0.000000 -0.299694 0.787234 0.787234 0.787234
3554.976074 0.000000 1989.214722 0.000000 0.014776 0.000000 -0.999891 0.860437 0.860437 0.860437
3521.586426 0.000000 1995.089600 0.000000 0.984944 0.000000 -0.172872 0.733400 0.733400 0.733400
3575.616699 0.000000 1986.076172 0.000000 0.996490 0.000000 0.083709 0.692677 0.692677 0.692677
3530.733398 0.000000 1990.913940 0.000000 0.977676 0.000000 0.210118 0.672253 0.672253 0.672253
3538.989014 0.000000 1983.986816 0.000000 0.989373 0.000000 0.145398 0.680875 0.680875 0.680875
3548.210938 0.000000 2031.829834 0.000000 0.939450 0.000000 -0.342686 0.788021 0.788021 0.788021
3552.107178 0.000000 2034.804199 0.000000 0.993173 0.000000 0.116653 0.690397 0.690397 0.690397
3562.864502 0.000000 2033.312012 0.000000 0.792214 0.000000 -0.610244 0.752765 0.752765 0.752765
3566.761230 0.000000 2007.289307 0.000000 0.175719 0.000000 -0.984440 0.872985 0.872985 0.872985
3521.799316 0.000000 1984.545654 0.000000 0.695769 0.000000 0.718266 0.614579 0.614579 0.614579
3539.797852 0.000000 2006.859375 0.000000 0.453896 0.000000 -0.891054 0.811462 0.811462 0.811462
3521.015869 0.000000 1997.408936 0.000000 0.825819 0.000000 0.563936 0.556554 0.556554 0.556554
3557.265869 0.000000 2031.211060 0.000000 0.554521 0.000000 -0.832170 0.899275 0.899275 0.899275
3561.652100 0.000000 1989.915527 0.000000 0.838073 0.000000 0.545559 0.622349 0.622349 0.622349
3535.064209 0.000000 2000.085571 0.000000 0.437837 0.000000 0.899054 0.594532 0.594532 0.594532
3577.115234 0.000000 2010.800781 0.000000 0.969915 0.000000 -0.243444 0.776497 0.776497 0.776497
3565.908691 0.000000 2031.478760 0.000000 0.904521 0.000000 -0.426429 0.779298 0.779298 0.779298
3553.239502 0.000000 2026.143677 0.000000 0.969279 0.000000 0.245963 0.597940 0.597940 0.597940
3563.927979 0.000000 2031.473633 0.000000 0.104321 0.000000 -0.994544 0.899872 0.899872 0.899872
3560.758545 0.000000 2007.800659 0.000000 0.089431 0.000000 -0.995993 1.114176 1.114176 1.114176
3581.886963 0.000000 1992.032837 0.000000 0.999940 0.000000 -0.010956 0.701896 0.701896 0.701896
3544.123779 0.000000 2010.644409 0.000000 0.344714 0.000000 -0.938708 0.827804 0.827804 0.827804
3554.661377 0.000000 2033.851562 0.000000 0.287250 0.000000 0.957856 0.501002 0.501002 0.501002
3528.071045 0.000000 1988.774170 0.000000 0.848794 0.000000 0.528723 0.642559 0.642559 0.642559
3572.977295 0.000000 1984.845825 0.000000 0.878828 0.000000 -0.477138 0.843425 0.843425 0.843425
3529.925049 0.000000 1989.035767 0.000000 0.814724 0.000000 0.579848 0.636224 0.636224 0.636224
3548.785645 0.000000 2011.494507 0.000000 0.591446 0.000000 0.806345 0.550838 0.550838 0.550838
3560.056641 0.000000 2021.345947 0.000000 0.086527 0.000000 0.996249 0.365413 0.365413 0.365413
3566.208496 0.000000 2005.663208 0.000000 0.999790 0.000000 0.020500 0.693802 0.693802 0.693802
3549.637695 0.000000 2013.192261 0.000000 0.267833 0.000000 0.963465 0.547826 0.547826 0.547826
3551.902832 0.000000 2001.099976 0.000000 0.985651 0.000000 0.168793 0.672138 0.672138 0.672138
3553.275146 0.000000 1988.235229 0.000000 0.934630 0.000000 0.355622 0.581183 0.581183 0.581183
3520.024658 0.000000 1994.339722 0.000000 0.256902 0.000000 -0.966438 0.952015 0.952015 0.952015
3561.852051 0.000000 2006.594849 0.000000 0.576071 0.000000 -0.817400 0.967557 0.967557 0.967557
3540.100342 0.000000 2008.509644 0.000000 0.593815 0.000000 0.804602 0.556208 0.556208 0.556208
3532.735107 0.000000 1987.933594 0.000000 0.988459 0.000000 -0.151487 0.728702 0.728702 0.728702
3561.147217 0.000000 2005.024292 0.000000 0.335909 0.000000 0.941894 0.498236 0.498236 0.498236
3530.840088 0.000000 1987.779663 0.000000 0.154647 0.000000 0.987970 0.380886 0.380886 0.380886
3543.916992 0.000000 2002.796875 0.000000 0.996853 0.000000 0.079278 0.671846 0.671846 0.671846
3558.337891 0.000000 2029.952759 0.000000 0.042035 0.000000 -0.999116 1.381262 1.381262 1.381262
3563.332275 0.000000 2030.050415 0.000000 0.431225 0.000000 0.902244 0.546657 0.546657 0.546657
3580.048584 0.000000 1993.805054 0.000000 0.156043 0.000000 0.987750 0.455343 0.455343 0.455343
3554.639648 0.000000 1993.161011 0.000000 0.312531 0.000000 0.949908 0.270835 0.270835 0.270835
3564.330078 0.000000 2005.297241 0.000000 0.331082 0.000000 0.943602 0.506016 0.506016 0.506016
3554.160645 0.000000 2002.958862 0.000000 0.085322 0.000000 -0.996353 1.120521 1.120521 1.120521
3566.972656 0.000000 2004.181274 0.000000 0.722048 0.000000 -0.691843 0.930993 0.930993 0.930993
3547.235107 0.000000 2011.637695 0.000000 0.948022 0.000000 0.318206 0.581154 0.581154 0.581154
3537.040039 0.000000 2013.851440 0.000000 0.879815 0.000000 -0.475317 0.789159 0.789159 0.789159
3523.924316 0.000000 1997.807495 0.000000 0.613200 0.000000 0.789928 0.580637 0.580637 0.580637
3532.485352 0.000000 1985.080078 0.000000 0.593347 0.000000 0.804946 0.538134 0.538134 0.538134
3557.281982 0.000000 2032.778076 0.000000 0.729751 0.000000 0.683713 0.485549 0.485549 0.485549
3582.919434 0.000000 1993.175659 0.000000 0.992514 0.000000 -0.122129 0.730597 0.730597 0.730597
3569.327393 0.000000 2005.767212 0.000000 0.935174 0.000000 -0.354188 0.757576 0.757576 0.757576
3549.672607 0.000000 2010.373291 0.000000 0.902804 0.000000 -0.430052 0.770697 0.770697 0.770697
3549.128418 0.000000 2001.526245 0.000000 0.459232 0.000000 -0.888316 0.954199 0.954199 0.954199
3549.898438 0.000000 2030.813477 0.000000 0.177244 0.000000 0.984167 0.349547 0.349547 0.349547
3548.898926 0.000000 2000.163208 0.000000 0.654830 0.000000 -0.755776 0.899154 0.899154 0.899154
3552.079590 0.000000 2026.971191 0.000000 0.975803 0.000000 0.218650 0.609473 0.609473 0.609473
3553.145508 0.000000 1986.700562 0.000000 0.022744 0.000000 0.999741 0.402412 0.402412 0.402412
3537.514160 0.000000 1999.836426 0.000000 0.986667 0.000000 -0.162753 0.772852 0.772852 0.772852
3539.234375 0.000000 2009.607056 0.000000 0.008119 0.000000 0.999967 0.388676 0.388676 0.388676
3539.385254 0.000000 2012.271484 0.000000 0.013204 0.000000 0.999913 0.269920 0.269920 0.269920
3545.535889 0.000000 2026.317993 0.000000 0.115927 0.000000 -0.993258 1.116896 1.116896 1.116896
3530.457764 0.000000 1986.457397 0.000000 0.953818 0.000000 0.300386 0.631219 0.631219 0.631219
3533.175049 0.000000 1986.260498 0.000000 0.106529 0.000000 0.994310 0.423674 0.423674 0.423674
3571.358643 0.000000 2007.469604 0.000000 0.263263 0.000000 0.964724 0.465208 0.465208 0.465208
3559.932861 0.000000 2024.215820 0.000000 0.206615 0.000000 -0.978422 1.050066 1.050066 1.050066
3539.780518 0.000000 2013.790649 0.000000 0.604152 0.000000 -0.796869 0.954607 0.954607 0.954607
3546.963135 0.000000 2010.326294 0.000000 0.843027 0.000000 -0.537871 0.908419 0.908419 0.908419
3552.345947 0.000000 2029.641479 0.000000 0.015764 0.000000 0.999876 0.229864 0.229864 0.229864
3570.715332 0.000000 2005.926392 0.000000 0.946734 0.000000 0.322016 0.619786 0.619786 0.619786
3553.649414 0.000000 1992.191162 0.000000 0.984516 0.000000 -0.175292 0.746497 0.746497 0.746497
3559.704346 0.000000 2028.069824 0.000000 0.144600 0.000000 0.989490 0.064665 0.064665 0.064665
3557.879883 0.000000 2028.820435 0.000000 0.995599 0.000000 0.093714 0.679662 0.679662 0.679662
3556.416992 0.000000 2033.645752 0.000000 0.253170 0.000000 -0.967422 1.074540 1.074540 1.074540
3536.250000 0.000000 1999.718506 0.000000 0.987127 0.000000 -0.159939 0.771582 0.771582 0.771582
3551.835205 0.000000 1994.821777 0.000000 0.161682 0.000000 -0.986843 0.992895 0.992895 0.992895
3521.549072 0.000000 1996.316162 0.000000 0.957353 0.000000 0.288922 0.629826 0.629826 0.629826
3552.070801 0.000000 2024.709351 0.000000 0.858435 0.000000 0.512922 0.459988 0.459988 0.459988
3552.214355 0.000000 1992.521118 0.000000 0.864378 0.000000 0.502843 0.560963 0.560963 0.560963
3544.382568 0.000000 2027.757324 0.000000 0.950985 0.000000 -0.309237 0.790106 0.790106 0.790106
3553.176270 0.000000 2027.375488 0.000000 0.274004 0.000000 0.961729 0.168888 0.168888 0.168888
3582.987793 0.000000 1991.676392 0.000000 0.062266 0.000000 0.998060 0.127942 0.127942 0.127942
3573.059814 0.000000 1987.694946 0.000000 0.660622 0.000000 -0.750719 0.981952 0.981952 0.981952
3553.573730 0.000000 2028.464478 0.000000 0.593426 0.000000 -0.804889 0.982828 0.982828 0.982828
3537.819092 0.000000 1998.076416 0.000000 0.857807 0.000000 0.513971 0.459443 0.459443 0.459443
3559.004883 0.000000 2028.961548 0.000000 0.875852 0.000000 0.482580 0.475579 0.475579 0.475579
3553.879883 0.000000 2025.274292 0.000000 0.100557 0.000000 -0.994931 1.355113 1.355113 1.355113
3580.312500 0.000000 1983.571655 0.000000 0.481953 0.000000 -0.876197 1.048992 1.048992 1.048992
3548.843994 0.000000 2030.952148 0.000000 0.258622 0.000000 0.965979 0.370537 0.370537 0.370537
3542.852539 0.000000 2002.524780 0.000000 0.056210 0.000000 0.998419 0.162697 0.162697 0.162697
3558.838379 0.000000 2024.233765 0.000000 0.991893 0.000000 -0.127078 0.732734 0.732734 0.732734
3547.945068 0.000000 2010.869507 0.000000 0.426555 0.000000 -0.904462 1.114744 1.114744 1.114744
3552.218750 0.000000 1988.433228 0.000000 0.484260 0.000000 0.874924 0.351869 0.351869 0.351869
3572.243652 0.000000 1987.020874 0.000000 0.409182 0.000000 -0.912453 1.081594 1.081594 1.081594
3555.518799 0.000000 1993.695557 0.000000 0.349990 0.000000 -0.936753 1.115565 1.115565 1.115565
3553.262207 0.000000 1989.230835 0.000000 0.980865 0.000000 0.194690 0.635967 0.635967 0.635967
3577.786377 0.000000 2010.060669 0.000000 0.992838 0.000000 -0.119466 0.737251 0.737251 0.737251
3576.785645 0.000000 2011.739136 0.000000 0.894329 0.000000 0.447411 0.555705 0.555705 0.555705
3552.394043 0.000000 2025.640747 0.000000 0.781101 0.000000 0.624405 0.399478 0.399478 0.399478
3576.135010 0.000000 2010.951660 0.000000 0.997023 0.000000 0.077100 0.675993 0.675993 0.675993
3555.259277 0.000000 1992.356079 0.000000 0.214573 0.000000 -0.976708 1.163966 1.163966 1.163966
3553.309570 0.000000 2029.425049 0.000000 0.352262 0.000000 0.935902 0.333933 0.333933 0.333933
3537.719971 0.000000 2014.548218 0.000000 0.295504 0.000000 0.955342 0.133683 0.133683 0.133683
3536.792236 0.000000 2014.718384 0.000000 0.972413 0.000000 0.233268 0.595081 0.595081 0.595081
3537.906006 0.000000 1999.010010 0.000000 0.690031 0.000000 -0.723780 1.060636 1.060636 1.060636
3519.603271 0.000000 1995.102173 0.000000 0.015117 0.000000 0.999886 0.020330 0.020330 0.020330
3536.046875 0.000000 2014.301636 0.000000 0.085645 0.000000 -0.996326 1.361787 1.361787 1.361787
3609.266846 0.000000 1911.338745 0.000000 0.755760 0.000000 -0.654848 0.766130 0.766130 0.766130
3605.333008 0.000000 1909.892944 0.000000 0.467151 0.000000 0.884178 0.447877 0.447877 0.447877
3604.351074 0.000000 1906.714966 0.000000 0.160138 0.000000 -0.987095 1.239623 1.239623 1.239623
3609.230469 0.000000 1908.238159 0.000000 0.104753 0.000000 0.994498 0.438707 0.438707 0.438707
3609.374512 0.000000 1918.646851 0.000000 0.846495 0.000000 0.532397 0.583244 0.583244 0.583244
3620.316406 0.000000 1906.938599 0.000000 0.017349 0.000000 -0.999849 1.291822 1.291822 1.291822
3610.907715 0.000000 1916.444092 0.000000 0.626438 0.000000 0.779471 0.479754 0.479754 0.479754
3607.650391 0.000000 1909.841431 0.000000 0.280200 0.000000 -0.959942 1.138512 1.138512 1.138512
3606.454590 0.000000 1908.004761 0.000000 0.253206 0.000000 -0.967412 1.148057 1.148057 1.148057
3607.805176 0.000000 1917.364868 0.000000 0.845609 0.000000 0.533803 0.502206 0.502206 0.502206
3587.191650 0.000000 1913.466553 0.000000 0.954527 0.000000 0.298125 0.622231 0.622231 0.622231
3588.735596 0.000000 1912.464355 0.000000 0.306502 0.000000 0.951870 0.530546 0.530546 0.530546
3606.504150 0.000000 1911.050049 0.000000 0.981460 0.000000 -0.191667 0.721908 0.721908 0.721908
3609.399414 0.000000 1909.789917 0.000000 0.999999 0.000000 -0.001017 0.700181 0.700181 0.700181
3609.395996 0.000000 1916.986816 0.000000 0.978305 0.000000 0.207169 0.653685 0.653685 0.653685
3610.656738 0.000000 1917.933594 0.000000 0.167072 0.000000 0.985945 0.354303 0.354303 0.354303
3605.031006 0.000000 1908.348145 0.000000 0.529979 0.000000 -0.848011 0.935269 0.935269 0.935269
3605.854492 0.000000 1906.635742 0.000000 0.986103 0.000000 0.166135 0.636120 0.636120 0.636120
3586.252441 0.000000 1912.343872 0.000000 0.254267 0.000000 0.967134 0.362516 0.362516 0.362516
3606.189453 0.000000 1916.905518 0.000000 0.327806 0.000000 -0.944745 1.134449 1.134449 1.134449
3611.860840 0.000000 1917.287842 0.000000 0.739153 0.000000 -0.673538 0.882093 0.882093 0.882093
3606.423340 0.000000 1909.273804 0.000000 0.021920 0.000000 0.999760 0.172176 0.172176 0.172176
3607.534180 0.000000 1908.593262 0.000000 0.265394 0.000000 -0.964140 1.143757 1.143757 1.143757
3621.555908 0.000000 1907.130249 0.000000 0.873192 0.000000 0.487376 0.506053 0.506053 0.506053
3607.534424 0.000000 1916.259155 0.000000 0.501862 0.000000 -0.864948 1.067088 1.067088 1.067088
3604.023926 0.000000 1907.684570 0.000000 0.474513 0.000000 0.880249 0.288045 0.288045 0.288045
3606.872314 0.000000 1917.701294 0.000000 0.889636 0.000000 0.456671 0.533413 0.533413 0.533413
3605.164307 0.000000 1907.328613 0.000000 0.999998 0.000000 -0.002163 0.700828 0.700828 0.700828
3621.154053 0.000000 1906.269165 0.000000 0.569020 0.000000 0.822324 0.332177 0.332177 0.332177
3625.104004 0.000000 1935.943359 0.000000 0.556078 0.000000 0.831130 0.624557 0.624557 0.624557
3583.664551 0.000000 1980.602905 0.000000 0.585204 0.000000 -0.810886 0.923105 0.923105 0.923105
3587.819824 0.000000 1966.892334 0.000000 0.509420 0.000000 0.860518 0.468193 0.468193 0.468193
3583.596436 0.000000 1958.332397 0.000000 0.349739 0.000000 0.936847 0.443395 0.443395 0.443395
3584.862549 0.000000 1976.077271 0.000000 0.989689 0.000000 0.143232 0.665087 0.665087 0.665087
3627.801758 0.000000 1935.066406 0.000000 0.998115 0.000000 0.061366 0.687015 0.687015 0.687015
3587.191650 0.000000 1977.450928 0.000000 0.534975 0.000000 -0.844868 0.831897 0.831897 0.831897
3585.743164 0.000000 1966.689941 0.000000 0.870811 0.000000 -0.491618 0.779038 0.779038 0.779038
3591.470215 0.000000 1941.302124 0.000000 0.431126 0.000000 0.902292 0.462098 0.462098 0.462098
3588.283447 0.000000 1949.140015 0.000000 0.924474 0.000000 -0.381245 0.831242 0.831242 0.831242
3593.147217 0.000000 1941.439941 0.000000 0.846751 0.000000 -0.531990 0.830381 0.830381 0.830381
3626.725342 0.000000 1936.259888 0.000000 0.832022 0.000000 -0.554742 0.767826 0.767826 0.767826
3626.211914 0.000000 1934.778687 0.000000 0.431887 0.000000 0.901928 0.462277 0.462277 0.462277
3584.300537 0.000000 1967.339966 0.000000 0.777389 0.000000 0.629021 0.595380 0.595380 0.595380
3609.464844 0.000000 1919.797485 0.000000 0.712781 0.000000 0.701387 0.538342 0.538342 0.538342
3585.358154 0.000000 1977.352539 0.000000 0.104781 0.000000 0.994495 0.343931 0.343931 0.343931
3586.656982 0.000000 1967.678223 0.000000 0.975042 0.000000 0.222021 0.649919 0.649919 0.649919
3589.159424 0.000000 1948.689209 0.000000 0.413053 0.000000 0.910707 0.315814 0.315814 0.315814
3588.202637 0.000000 1948.185181 0.000000 0.694874 0.000000 -0.719131 0.969285 0.969285 0.969285
3585.064697 0.000000 1999.372070 0.000000 0.912274 0.000000 -0.409581 0.869618 0.869618 0.869618
3585.538330 0.000000 2026.526978 0.000000 0.241427 0.000000 0.970419 0.500568 0.500568 0.500568
3591.729492 0.000000 2012.840088 0.000000 0.982617 0.000000 0.185644 0.636367 0.636367 0.636367
3583.792969 0.000000 2008.394165 0.000000 0.956884 0.000000 0.290469 0.698455 0.698455 0.698455
3585.879883 0.000000 1992.977417 0.000000 0.393194 0.000000 0.919456 0.543005 0.543005 0.543005
3588.923584 0.000000 2007.842041 0.000000 0.948088 0.000000 0.318008 0.609509 0.609509 0.609509
3583.683350 0.000000 1996.003174 0.000000 0.738201 0.000000 0.674581 0.652125 0.652125 0.652125
3583.587158 0.000000 1990.199463 0.000000 0.701615 0.000000 -0.712556 1.000777 1.000777 1.000777
3586.907715 0.000000 1996.578369 0.000000 0.408986 0.000000 0.912540 0.430825 0.430825 0.430825
3589.008545 0.000000 2011.620483 0.000000 0.427565 0.000000 -0.903985 0.741433 0.741433 0.741433
3589.617920 0.000000 2004.956055 0.000000 0.766495 0.000000 -0.642250 0.849914 0.849914 0.849914
3593.957764 0.000000 2018.979492 0.000000 0.894906 0.000000 -0.446254 0.790539 0.790539 0.790539
3583.771240 0.000000 2024.789429 0.000000 0.404004 0.000000 0.914757 0.641469 0.641469 0.641469
3583.634277 0.000000 1992.764526 0.000000 0.799824 0.000000 0.600235 0.539113 0.539113 0.539113
3585.488525 0.000000 1990.886353 0.000000 0.112506 0.000000 -0.993651 1.130623 1.130623 1.130623
3585.578613 0.000000 1995.089600 0.000000 0.186222 0.000000 0.982508 0.571859 0.571859 0.571859
3585.008057 0.000000 1997.408936 0.000000 0.471020 0.000000 0.882123 0.409248 0.409248 0.409248
3587.429443 0.000000 1991.181030 0.000000 0.411957 0.000000 -0.911203 0.836209 0.836209 0.836209
3585.384521 0.000000 2011.396484 0.000000 0.994771 0.000000 -0.102134 0.712158 0.712158 0.712158
3587.334961 0.000000 1994.825439 0.000000 0.645995 0.000000 -0.763342 0.827489 0.827489 0.827489
3590.218262 0.000000 2006.644531 0.000000 0.002300 0.000000 -0.999997 0.867206 0.867206 0.867206
3590.729004 0.000000 2011.198730 0.000000 0.862557 0.000000 -0.505960 0.775094 0.775094 0.775094
3585.591553 0.000000 2008.513550 0.000000 0.405902 0.000000 0.913917 0.329301 0.329301 0.329301
3588.283447 0.000000 2013.124390 0.000000 0.997557 0.000000 0.069856 0.692425 0.692425 0.692425
3584.568115 0.000000 2009.941406 0.000000 0.543646 0.000000 0.839315 0.379724 0.379724 0.379724
3585.652832 0.000000 2024.912476 0.000000 0.063653 0.000000 0.997972 0.254891 0.254891 0.254891
3592.376953 0.000000 2019.218018 0.000000 0.033872 0.000000 -0.999426 1.000820 1.000820 1.000820
3590.151123 0.000000 2012.817505 0.000000 0.842876 0.000000 0.538108 0.506372 0.506372 0.506372
3590.854980 0.000000 2018.911621 0.000000 0.671785 0.000000 -0.740746 0.892429 0.892429 0.892429
3587.916504 0.000000 1997.807495 0.000000 0.286475 0.000000 0.958088 0.400196 0.400196 0.400196
3588.746094 0.000000 2006.274414 0.000000 0.890212 0.000000 -0.455546 0.832253 0.832253 0.832253
3584.178467 0.000000 1991.437988 0.000000 0.905695 0.000000 -0.423929 0.829294 0.829294 0.829294
3593.030762 0.000000 2018.010864 0.000000 0.564998 0.000000 0.825092 0.510071 0.510071 0.510071
3585.541260 0.000000 1996.316162 0.000000 0.928357 0.000000 -0.371691 0.802492 0.802492 0.802492
3588.452881 0.000000 2004.523926 0.000000 0.818420 0.000000 0.574621 0.568419 0.568419 0.568419
3584.734863 0.000000 1998.412598 0.000000 0.284043 0.000000 0.958812 0.184391 0.184391 0.184391
3584.071045 0.000000 1999.479370 0.000000 0.669358 0.000000 -0.742940 1.036609 1.036609 1.036609
3584.679932 0.000000 2008.843018 0.000000 0.506076 0.000000 0.862489 0.365528 0.365528 0.365528
3585.951172 0.000000 1999.200806 0.000000 0.663369 0.000000 -0.748293 1.039837 1.039837 1.039837
3585.571289 0.000000 1998.181641 0.000000 0.182735 0.000000 0.983162 0.142492 0.142492 0.142492
3652.807373 0.000000 2021.547852 0.000000 0.694936 0.000000 0.719072 0.485436 0.485436 0.485436
3655.568848 0.000000 2020.608887 0.000000 0.999806 0.000000 -0.019700 0.703340 0.703340 0.703340
3654.506104 0.000000 2021.832520 0.000000 0.454246 0.000000 -0.890876 0.886344 0.886344 0.886344
3653.837402 0.000000 2020.378174 0.000000 0.385438 0.000000 -0.922734 1.014202 1.014202 1.014202
"}
