object={
	name="tree_pine_01_a_generator_1_0"
	clamp_to_water_level=no
	render_under_water=no
	generated_content=yes
	layer="tree_high_layer"
	pdxmesh="tree_pine_single_01_a_mesh"
	count=88
	transform="3500.524658 0.000000 1785.799805 0.000000 0.699076 0.000000 -0.715047 1.000000 1.000000 1.000000
3513.247559 0.000000 1775.273071 0.000000 0.999349 0.000000 -0.036073 1.000000 1.000000 1.000000
3503.457764 0.000000 1786.203491 0.000000 0.508380 0.000000 0.861133 1.000000 1.000000 1.000000
3516.456543 0.000000 1781.040161 0.000000 0.986482 0.000000 0.163869 1.000000 1.000000 1.000000
3506.351074 0.000000 1766.778198 0.000000 0.988065 0.000000 -0.154040 1.000000 1.000000 1.000000
3512.281250 0.000000 1777.426392 0.000000 0.158486 0.000000 -0.987361 1.000000 1.000000 1.000000
3502.168457 0.000000 1784.748291 0.000000 0.882706 0.000000 -0.469925 1.000000 1.000000 1.000000
3501.916504 0.000000 1775.541260 0.000000 0.146878 0.000000 -0.989155 1.000000 1.000000 1.000000
3511.550049 0.000000 1774.999146 0.000000 0.844824 0.000000 -0.535044 1.000000 1.000000 1.000000
3517.206787 0.000000 1786.908813 0.000000 0.922352 0.000000 -0.386349 1.000000 1.000000 1.000000
3500.443604 0.000000 1772.014893 0.000000 0.395569 0.000000 -0.918436 1.000000 1.000000 1.000000
3505.366943 0.000000 1780.566772 0.000000 0.588071 0.000000 -0.808809 1.000000 1.000000 1.000000
3514.754639 0.000000 1789.372437 0.000000 0.689375 0.000000 0.724405 1.000000 1.000000 1.000000
3503.803223 0.000000 1784.499512 0.000000 0.661042 0.000000 0.750349 1.000000 1.000000 1.000000
3506.483398 0.000000 1765.445190 0.000000 0.049703 0.000000 0.998764 1.000000 1.000000 1.000000
3512.977539 0.000000 1771.890869 0.000000 0.311575 0.000000 0.950221 1.000000 1.000000 1.000000
3509.793701 0.000000 1765.782959 0.000000 0.438146 0.000000 0.898904 1.000000 1.000000 1.000000
3504.484131 0.000000 1785.516113 0.000000 0.137288 0.000000 0.990531 1.000000 1.000000 1.000000
3512.659180 0.000000 1791.034424 0.000000 0.884464 0.000000 -0.466608 1.000000 1.000000 1.000000
3565.213623 0.000000 1780.033447 0.000000 0.531724 0.000000 -0.846918 1.000000 1.000000 1.000000
3550.286133 0.000000 1763.386841 0.000000 0.603057 0.000000 -0.797698 1.000000 1.000000 1.000000
3554.665039 0.000000 1753.187378 0.000000 0.492993 0.000000 0.870033 1.000000 1.000000 1.000000
3550.296631 0.000000 1771.772217 0.000000 0.972697 0.000000 -0.232078 1.000000 1.000000 1.000000
3544.855469 0.000000 1745.530518 0.000000 0.385647 0.000000 0.922646 1.000000 1.000000 1.000000
3560.984131 0.000000 1762.011108 0.000000 0.201388 0.000000 -0.979512 1.000000 1.000000 1.000000
3538.322510 0.000000 1769.936768 0.000000 0.944471 0.000000 -0.328594 1.000000 1.000000 1.000000
3570.579102 0.000000 1737.750122 0.000000 0.499443 0.000000 0.866347 1.000000 1.000000 1.000000
3528.476074 0.000000 1786.224854 0.000000 0.967241 0.000000 -0.253859 1.000000 1.000000 1.000000
3568.110596 0.000000 1752.734619 0.000000 0.802626 0.000000 0.596482 1.000000 1.000000 1.000000
3538.407471 0.000000 1752.468994 0.000000 0.878866 0.000000 0.477068 1.000000 1.000000 1.000000
3541.815430 0.000000 1750.779907 0.000000 0.322498 0.000000 -0.946570 1.000000 1.000000 1.000000
3538.804199 0.000000 1773.142578 0.000000 0.968447 0.000000 0.249219 1.000000 1.000000 1.000000
3555.721924 0.000000 1746.935791 0.000000 0.767076 0.000000 0.641557 1.000000 1.000000 1.000000
3547.747070 0.000000 1771.579224 0.000000 0.043025 0.000000 -0.999074 1.000000 1.000000 1.000000
3556.961426 0.000000 1754.116943 0.000000 0.637480 0.000000 -0.770467 1.000000 1.000000 1.000000
3535.234619 0.000000 1779.278931 0.000000 0.870125 0.000000 0.492831 1.000000 1.000000 1.000000
3538.882812 0.000000 1755.021606 0.000000 0.267156 0.000000 0.963653 1.000000 1.000000 1.000000
3559.543701 0.000000 1742.064209 0.000000 0.329515 0.000000 -0.944150 1.000000 1.000000 1.000000
3536.008057 0.000000 1770.485474 0.000000 0.977276 0.000000 -0.211973 1.000000 1.000000 1.000000
3566.832764 0.000000 1778.041016 0.000000 0.344580 0.000000 0.938757 1.000000 1.000000 1.000000
3540.103027 0.000000 1767.847046 0.000000 0.875105 0.000000 -0.483934 1.000000 1.000000 1.000000
3545.290039 0.000000 1747.817139 0.000000 0.815819 0.000000 0.578307 1.000000 1.000000 1.000000
3559.102783 0.000000 1760.879517 0.000000 0.559399 0.000000 -0.828899 1.000000 1.000000 1.000000
3555.114990 0.000000 1755.237671 0.000000 0.773243 0.000000 -0.634110 1.000000 1.000000 1.000000
3530.175781 0.000000 1767.352539 0.000000 0.695797 0.000000 -0.718239 1.000000 1.000000 1.000000
3548.351318 0.000000 1740.832397 0.000000 0.624441 0.000000 -0.781072 1.000000 1.000000 1.000000
3557.938965 0.000000 1743.270508 0.000000 0.345572 0.000000 -0.938392 1.000000 1.000000 1.000000
3527.893555 0.000000 1784.314819 0.000000 0.999970 0.000000 0.007720 1.000000 1.000000 1.000000
3537.537354 0.000000 1771.707764 0.000000 0.997422 0.000000 -0.071755 1.000000 1.000000 1.000000
3551.548340 0.000000 1767.484497 0.000000 0.163619 0.000000 -0.986524 1.000000 1.000000 1.000000
3537.848877 0.000000 1768.131836 0.000000 0.997000 0.000000 -0.077407 1.000000 1.000000 1.000000
3533.339111 0.000000 1779.090454 0.000000 0.382630 0.000000 0.923902 1.000000 1.000000 1.000000
3548.811523 0.000000 1760.725952 0.000000 0.997324 0.000000 -0.073105 1.000000 1.000000 1.000000
3541.259766 0.000000 1749.086060 0.000000 0.049056 0.000000 0.998796 1.000000 1.000000 1.000000
3534.364258 0.000000 1772.536499 0.000000 0.650510 0.000000 0.759498 1.000000 1.000000 1.000000
3531.815674 0.000000 1767.514526 0.000000 0.666782 0.000000 0.745253 1.000000 1.000000 1.000000
3519.886230 0.000000 1782.498535 0.000000 0.872187 0.000000 0.489172 1.000000 1.000000 1.000000
3549.637695 0.000000 1757.254761 0.000000 0.776058 0.000000 -0.630662 1.000000 1.000000 1.000000
3559.461914 0.000000 1743.905640 0.000000 0.991470 0.000000 0.130339 1.000000 1.000000 1.000000
3533.685547 0.000000 1780.674072 0.000000 0.999923 0.000000 0.012445 1.000000 1.000000 1.000000
3548.377197 0.000000 1758.669067 0.000000 0.791601 0.000000 0.611039 1.000000 1.000000 1.000000
3553.029297 0.000000 1752.764038 0.000000 0.998769 0.000000 0.049599 1.000000 1.000000 1.000000
3549.397705 0.000000 1762.130859 0.000000 0.800632 0.000000 -0.599156 1.000000 1.000000 1.000000
3548.839355 0.000000 1763.755249 0.000000 0.612509 0.000000 -0.790463 1.000000 1.000000 1.000000
3567.795410 0.000000 1784.499512 0.000000 0.309178 0.000000 0.951004 1.000000 1.000000 1.000000
3536.326660 0.000000 1763.225464 0.000000 0.999162 0.000000 0.040936 1.000000 1.000000 1.000000
3554.626221 0.000000 1767.845459 0.000000 0.072979 0.000000 0.997334 1.000000 1.000000 1.000000
3573.159912 0.000000 1739.753296 0.000000 0.951317 0.000000 0.308214 1.000000 1.000000 1.000000
3551.295410 0.000000 1759.342773 0.000000 0.644144 0.000000 -0.764905 1.000000 1.000000 1.000000
3547.814209 0.000000 1770.026123 0.000000 0.945804 0.000000 -0.324737 1.000000 1.000000 1.000000
3551.345459 0.000000 1762.685425 0.000000 0.699219 0.000000 0.714908 1.000000 1.000000 1.000000
3541.561523 0.000000 1767.320190 0.000000 0.089829 0.000000 -0.995957 1.000000 1.000000 1.000000
3550.879395 0.000000 1757.090088 0.000000 0.669536 0.000000 0.742779 1.000000 1.000000 1.000000
3537.794678 0.000000 1760.925537 0.000000 0.274273 0.000000 -0.961652 1.000000 1.000000 1.000000
3574.439453 0.000000 1798.626465 0.000000 0.062465 0.000000 -0.998047 1.000000 1.000000 1.000000
3575.529785 0.000000 1801.551758 0.000000 0.510931 0.000000 0.859622 1.000000 1.000000 1.000000
3583.156494 0.000000 1796.402832 0.000000 0.267785 0.000000 -0.963479 1.000000 1.000000 1.000000
3572.183594 0.000000 1800.564087 0.000000 0.990320 0.000000 -0.138803 1.000000 1.000000 1.000000
3573.785645 0.000000 1805.029419 0.000000 0.750076 0.000000 -0.661351 1.000000 1.000000 1.000000
3581.656006 0.000000 1797.239136 0.000000 0.337165 0.000000 0.941446 1.000000 1.000000 1.000000
3583.935059 0.000000 1794.855591 0.000000 0.968178 0.000000 0.250264 1.000000 1.000000 1.000000
3585.488525 0.000000 1798.933228 0.000000 0.484611 0.000000 -0.874730 1.000000 1.000000 1.000000
3590.863281 0.000000 1804.649780 0.000000 0.374030 0.000000 -0.927417 1.000000 1.000000 1.000000
3583.620850 0.000000 1796.332153 0.000000 0.201262 0.000000 0.979537 1.000000 1.000000 1.000000
3588.493164 0.000000 1803.584106 0.000000 0.518554 0.000000 0.855045 1.000000 1.000000 1.000000
3584.732910 0.000000 1801.414795 0.000000 0.869537 0.000000 -0.493868 1.000000 1.000000 1.000000
3588.405762 0.000000 1802.324341 0.000000 0.999075 0.000000 0.042997 1.000000 1.000000 1.000000
3589.499268 0.000000 1805.834961 0.000000 0.223890 0.000000 0.974614 1.000000 1.000000 1.000000
"}
object={
	name="tree_pine_01_a_generator_1_1"
	clamp_to_water_level=no
	render_under_water=no
	generated_content=yes
	layer="tree_high_layer"
	pdxmesh="tree_pine_single_01_b_mesh"
	count=101
	transform="3507.274902 0.000000 1764.412476 0.000000 0.887647 0.000000 0.460524 1.000000 1.000000 1.000000
3505.939941 0.000000 1787.970581 0.000000 0.989480 0.000000 0.144668 1.000000 1.000000 1.000000
3498.186768 0.000000 1775.412964 0.000000 0.083598 0.000000 -0.996500 1.000000 1.000000 1.000000
3511.866211 0.000000 1771.336182 0.000000 0.981578 0.000000 -0.191063 1.000000 1.000000 1.000000
3500.965088 0.000000 1773.972046 0.000000 0.410082 0.000000 -0.912049 1.000000 1.000000 1.000000
3514.132568 0.000000 1786.006226 0.000000 0.996725 0.000000 -0.080869 1.000000 1.000000 1.000000
3516.801025 0.000000 1785.367310 0.000000 0.713860 0.000000 -0.700289 1.000000 1.000000 1.000000
3510.722412 0.000000 1773.605957 0.000000 0.614180 0.000000 0.789166 1.000000 1.000000 1.000000
3515.304443 0.000000 1773.768188 0.000000 0.303848 0.000000 0.952720 1.000000 1.000000 1.000000
3516.376465 0.000000 1769.254639 0.000000 0.988917 0.000000 0.148469 1.000000 1.000000 1.000000
3516.972900 0.000000 1783.107056 0.000000 0.492785 0.000000 0.870151 1.000000 1.000000 1.000000
3513.975098 0.000000 1788.079590 0.000000 0.151453 0.000000 0.988464 1.000000 1.000000 1.000000
3501.889160 0.000000 1772.526367 0.000000 0.550678 0.000000 -0.834718 1.000000 1.000000 1.000000
3507.817871 0.000000 1765.914062 0.000000 0.325316 0.000000 0.945606 1.000000 1.000000 1.000000
3518.949219 0.000000 1779.784180 0.000000 0.857712 0.000000 0.514130 1.000000 1.000000 1.000000
3515.274170 0.000000 1770.169556 0.000000 0.575069 0.000000 0.818105 1.000000 1.000000 1.000000
3512.931885 0.000000 1770.400513 0.000000 0.977552 0.000000 0.210693 1.000000 1.000000 1.000000
3511.630127 0.000000 1776.273071 0.000000 0.737551 0.000000 -0.675292 1.000000 1.000000 1.000000
3518.167969 0.000000 1782.626099 0.000000 0.997847 0.000000 -0.065592 1.000000 1.000000 1.000000
3516.317871 0.000000 1784.177124 0.000000 0.992368 0.000000 0.123314 1.000000 1.000000 1.000000
3513.938721 0.000000 1774.190430 0.000000 0.674426 0.000000 0.738343 1.000000 1.000000 1.000000
3517.812500 0.000000 1783.917114 0.000000 0.938719 0.000000 0.344683 1.000000 1.000000 1.000000
3546.539795 0.000000 1769.383667 0.000000 0.333529 0.000000 0.942740 1.000000 1.000000 1.000000
3550.503906 0.000000 1755.837524 0.000000 0.270189 0.000000 0.962807 1.000000 1.000000 1.000000
3539.195557 0.000000 1765.797363 0.000000 0.591913 0.000000 -0.806002 1.000000 1.000000 1.000000
3573.089600 0.000000 1757.801025 0.000000 0.760627 0.000000 0.649189 1.000000 1.000000 1.000000
3541.635010 0.000000 1772.200928 0.000000 0.906990 0.000000 0.421153 1.000000 1.000000 1.000000
3528.831055 0.000000 1782.404663 0.000000 0.083095 0.000000 0.996542 1.000000 1.000000 1.000000
3570.624268 0.000000 1746.307739 0.000000 0.209667 0.000000 -0.977773 1.000000 1.000000 1.000000
3555.583984 0.000000 1764.718872 0.000000 0.118757 0.000000 -0.992923 1.000000 1.000000 1.000000
3539.118652 0.000000 1761.705200 0.000000 0.948321 0.000000 0.317313 1.000000 1.000000 1.000000
3542.579346 0.000000 1768.117432 0.000000 0.992991 0.000000 -0.118194 1.000000 1.000000 1.000000
3569.269775 0.000000 1755.961792 0.000000 0.991591 0.000000 0.129408 1.000000 1.000000 1.000000
3556.852539 0.000000 1769.857422 0.000000 0.945113 0.000000 -0.326743 1.000000 1.000000 1.000000
3572.486572 0.000000 1761.391113 0.000000 0.627998 0.000000 0.778215 1.000000 1.000000 1.000000
3557.159668 0.000000 1741.310425 0.000000 0.053548 0.000000 -0.998565 1.000000 1.000000 1.000000
3543.955322 0.000000 1770.587402 0.000000 0.999584 0.000000 0.028850 1.000000 1.000000 1.000000
3524.254639 0.000000 1772.099121 0.000000 0.066388 0.000000 -0.997794 1.000000 1.000000 1.000000
3554.782715 0.000000 1750.593994 0.000000 0.981846 0.000000 0.189677 1.000000 1.000000 1.000000
3570.666992 0.000000 1758.117676 0.000000 0.008414 0.000000 -0.999965 1.000000 1.000000 1.000000
3540.754150 0.000000 1769.934448 0.000000 0.921448 0.000000 -0.388501 1.000000 1.000000 1.000000
3549.085938 0.000000 1769.500732 0.000000 0.839379 0.000000 0.543546 1.000000 1.000000 1.000000
3558.498779 0.000000 1771.761475 0.000000 0.597766 0.000000 -0.801671 1.000000 1.000000 1.000000
3547.746338 0.000000 1745.156860 0.000000 0.956293 0.000000 -0.292409 1.000000 1.000000 1.000000
3531.141846 0.000000 1782.507812 0.000000 0.303997 0.000000 -0.952673 1.000000 1.000000 1.000000
3530.542236 0.000000 1771.252808 0.000000 0.382857 0.000000 0.923808 1.000000 1.000000 1.000000
3570.045898 0.000000 1753.760132 0.000000 0.997253 0.000000 -0.074074 1.000000 1.000000 1.000000
3567.264160 0.000000 1780.809326 0.000000 0.813491 0.000000 -0.581577 1.000000 1.000000 1.000000
3561.770264 0.000000 1759.965698 0.000000 0.737705 0.000000 -0.675123 1.000000 1.000000 1.000000
3525.871094 0.000000 1775.957397 0.000000 0.082476 0.000000 0.996593 1.000000 1.000000 1.000000
3536.875977 0.000000 1756.047729 0.000000 0.995240 0.000000 0.097457 1.000000 1.000000 1.000000
3533.032227 0.000000 1768.645508 0.000000 0.995647 0.000000 0.093209 1.000000 1.000000 1.000000
3571.996338 0.000000 1759.534424 0.000000 0.991473 0.000000 -0.130309 1.000000 1.000000 1.000000
3550.608398 0.000000 1765.299438 0.000000 0.750697 0.000000 -0.660646 1.000000 1.000000 1.000000
3554.975342 0.000000 1769.264648 0.000000 0.224385 0.000000 0.974500 1.000000 1.000000 1.000000
3544.786377 0.000000 1768.859009 0.000000 0.706189 0.000000 0.708024 1.000000 1.000000 1.000000
3539.637695 0.000000 1771.390625 0.000000 0.285794 0.000000 -0.958291 1.000000 1.000000 1.000000
3556.438965 0.000000 1771.698608 0.000000 0.997459 0.000000 0.071249 1.000000 1.000000 1.000000
3525.317871 0.000000 1773.908447 0.000000 0.221642 0.000000 -0.975128 1.000000 1.000000 1.000000
3526.795898 0.000000 1786.888428 0.000000 0.460491 0.000000 -0.887664 1.000000 1.000000 1.000000
3534.935059 0.000000 1766.259399 0.000000 0.930239 0.000000 -0.366954 1.000000 1.000000 1.000000
3530.113037 0.000000 1781.117676 0.000000 0.477450 0.000000 0.878659 1.000000 1.000000 1.000000
3542.995605 0.000000 1749.274414 0.000000 0.053888 0.000000 -0.998547 1.000000 1.000000 1.000000
3558.629639 0.000000 1762.561890 0.000000 0.153602 0.000000 -0.988133 1.000000 1.000000 1.000000
3573.785645 0.000000 1741.045044 0.000000 0.776118 0.000000 -0.630588 1.000000 1.000000 1.000000
3557.935059 0.000000 1752.862183 0.000000 0.611101 0.000000 0.791552 1.000000 1.000000 1.000000
3556.086182 0.000000 1752.331299 0.000000 0.763771 0.000000 -0.645487 1.000000 1.000000 1.000000
3573.572510 0.000000 1759.537598 0.000000 0.205832 0.000000 -0.978587 1.000000 1.000000 1.000000
3524.790283 0.000000 1782.516724 0.000000 0.485716 0.000000 0.874116 1.000000 1.000000 1.000000
3569.359131 0.000000 1780.566772 0.000000 0.095366 0.000000 0.995442 1.000000 1.000000 1.000000
3534.247803 0.000000 1769.570435 0.000000 0.789937 0.000000 0.613188 1.000000 1.000000 1.000000
3536.821777 0.000000 1764.985840 0.000000 0.709102 0.000000 0.705106 1.000000 1.000000 1.000000
3550.427246 0.000000 1768.534180 0.000000 0.989852 0.000000 -0.142100 1.000000 1.000000 1.000000
3540.442627 0.000000 1764.826660 0.000000 0.991281 0.000000 0.131767 1.000000 1.000000 1.000000
3553.319580 0.000000 1750.612915 0.000000 0.861658 0.000000 0.507489 1.000000 1.000000 1.000000
3554.108398 0.000000 1751.847168 0.000000 0.418811 0.000000 -0.908074 1.000000 1.000000 1.000000
3549.038086 0.000000 1770.967651 0.000000 0.037214 0.000000 -0.999307 1.000000 1.000000 1.000000
3560.595703 0.000000 1760.693970 0.000000 0.287173 0.000000 0.957879 1.000000 1.000000 1.000000
3570.350586 0.000000 1755.115112 0.000000 0.614418 0.000000 0.788981 1.000000 1.000000 1.000000
3531.186523 0.000000 1779.436035 0.000000 0.546944 0.000000 0.837169 1.000000 1.000000 1.000000
3536.499756 0.000000 1760.592529 0.000000 0.335353 0.000000 0.942093 1.000000 1.000000 1.000000
3541.760986 0.000000 1765.191895 0.000000 0.207463 0.000000 0.978243 1.000000 1.000000 1.000000
3536.027832 0.000000 1767.559937 0.000000 0.999169 0.000000 0.040760 1.000000 1.000000 1.000000
3530.240723 0.000000 1769.985107 0.000000 0.769062 0.000000 0.639174 1.000000 1.000000 1.000000
3540.923584 0.000000 1771.180664 0.000000 0.697494 0.000000 0.716591 1.000000 1.000000 1.000000
3549.100586 0.000000 1741.900391 0.000000 0.966662 0.000000 0.256055 1.000000 1.000000 1.000000
3568.335693 0.000000 1781.000488 0.000000 0.767614 0.000000 -0.640912 1.000000 1.000000 1.000000
3536.421875 0.000000 1773.891724 0.000000 0.603639 0.000000 0.797258 1.000000 1.000000 1.000000
3537.796143 0.000000 1766.988892 0.000000 0.018739 0.000000 -0.999824 1.000000 1.000000 1.000000
3549.565918 0.000000 1756.236450 0.000000 0.307344 0.000000 -0.951599 1.000000 1.000000 1.000000
3512.924805 0.000000 1791.633057 0.000000 0.878298 0.000000 -0.478115 1.000000 1.000000 1.000000
3572.454346 0.000000 1798.865723 0.000000 0.279019 0.000000 -0.960286 1.000000 1.000000 1.000000
3574.266357 0.000000 1802.826294 0.000000 0.078434 0.000000 -0.996919 1.000000 1.000000 1.000000
3575.475098 0.000000 1796.116821 0.000000 0.692483 0.000000 -0.721434 1.000000 1.000000 1.000000
3573.903564 0.000000 1800.584595 0.000000 0.981448 0.000000 -0.191730 1.000000 1.000000 1.000000
3575.645996 0.000000 1797.609863 0.000000 0.972925 0.000000 0.231119 1.000000 1.000000 1.000000
3573.159912 0.000000 1803.737671 0.000000 0.921217 0.000000 -0.389048 1.000000 1.000000 1.000000
3580.372314 0.000000 1797.424316 0.000000 0.848105 0.000000 0.529829 1.000000 1.000000 1.000000
3574.936035 0.000000 1799.891235 0.000000 0.700634 0.000000 -0.713521 1.000000 1.000000 1.000000
3589.036621 0.000000 1804.848755 0.000000 0.961977 0.000000 -0.273131 1.000000 1.000000 1.000000
3584.996094 0.000000 1800.308350 0.000000 0.235301 0.000000 -0.971923 1.000000 1.000000 1.000000
"}
object={
	name="tree_pine_01_a_generator_1_2"
	clamp_to_water_level=no
	render_under_water=no
	generated_content=yes
	layer="tree_high_layer"
	pdxmesh="tree_pine_single_01_c_mesh"
	count=106
	transform="3518.936768 0.000000 1783.647949 0.000000 0.827514 0.000000 -0.561444 1.000000 1.000000 1.000000
3513.097900 0.000000 1789.912598 0.000000 0.375608 0.000000 -0.926779 1.000000 1.000000 1.000000
3504.853271 0.000000 1779.134766 0.000000 0.998669 0.000000 -0.051579 1.000000 1.000000 1.000000
3509.212646 0.000000 1766.830811 0.000000 0.954743 0.000000 0.297432 1.000000 1.000000 1.000000
3510.336914 0.000000 1776.102905 0.000000 0.959187 0.000000 -0.282771 1.000000 1.000000 1.000000
3498.956055 0.000000 1772.531738 0.000000 0.801249 0.000000 0.598331 1.000000 1.000000 1.000000
3509.566650 0.000000 1764.582642 0.000000 0.100145 0.000000 0.994973 1.000000 1.000000 1.000000
3518.685059 0.000000 1781.408813 0.000000 0.797038 0.000000 0.603929 1.000000 1.000000 1.000000
3513.257324 0.000000 1773.107666 0.000000 0.684784 0.000000 0.728746 1.000000 1.000000 1.000000
3504.833252 0.000000 1782.078003 0.000000 0.990573 0.000000 -0.136989 1.000000 1.000000 1.000000
3514.062988 0.000000 1771.313232 0.000000 0.766740 0.000000 0.641958 1.000000 1.000000 1.000000
3514.584473 0.000000 1776.429443 0.000000 0.914244 0.000000 0.405164 1.000000 1.000000 1.000000
3515.655029 0.000000 1786.735352 0.000000 0.631110 0.000000 -0.775693 1.000000 1.000000 1.000000
3504.601562 0.000000 1783.410522 0.000000 0.527727 0.000000 0.849414 1.000000 1.000000 1.000000
3513.683594 0.000000 1777.366211 0.000000 0.809641 0.000000 0.586926 1.000000 1.000000 1.000000
3512.467529 0.000000 1774.099854 0.000000 0.981389 0.000000 0.192032 1.000000 1.000000 1.000000
3514.558105 0.000000 1787.085449 0.000000 0.898353 0.000000 0.439275 1.000000 1.000000 1.000000
3510.998047 0.000000 1777.192871 0.000000 0.298173 0.000000 0.954512 1.000000 1.000000 1.000000
3508.596191 0.000000 1765.094727 0.000000 0.968790 0.000000 -0.247882 1.000000 1.000000 1.000000
3505.808594 0.000000 1782.581177 0.000000 0.836800 0.000000 -0.547509 1.000000 1.000000 1.000000
3503.042236 0.000000 1785.262207 0.000000 0.020761 0.000000 -0.999784 1.000000 1.000000 1.000000
3536.011230 0.000000 1772.936157 0.000000 0.192256 0.000000 0.981345 1.000000 1.000000 1.000000
3520.071289 0.000000 1778.694702 0.000000 0.519825 0.000000 -0.854273 1.000000 1.000000 1.000000
3548.342773 0.000000 1742.888916 0.000000 0.895814 0.000000 0.444429 1.000000 1.000000 1.000000
3535.153564 0.000000 1760.526978 0.000000 0.451604 0.000000 -0.892218 1.000000 1.000000 1.000000
3524.481689 0.000000 1780.998901 0.000000 0.976696 0.000000 -0.214626 1.000000 1.000000 1.000000
3555.859131 0.000000 1744.128174 0.000000 0.177768 0.000000 0.984072 1.000000 1.000000 1.000000
3534.938721 0.000000 1768.238037 0.000000 0.087498 0.000000 0.996165 1.000000 1.000000 1.000000
3531.170654 0.000000 1769.158936 0.000000 0.447940 0.000000 -0.894064 1.000000 1.000000 1.000000
3535.352539 0.000000 1764.476562 0.000000 0.000416 0.000000 1.000000 1.000000 1.000000 1.000000
3532.078613 0.000000 1780.467651 0.000000 0.752623 0.000000 -0.658451 1.000000 1.000000 1.000000
3535.029053 0.000000 1781.696777 0.000000 0.587760 0.000000 -0.809036 1.000000 1.000000 1.000000
3554.321777 0.000000 1771.606934 0.000000 0.709694 0.000000 0.704510 1.000000 1.000000 1.000000
3552.515137 0.000000 1765.495850 0.000000 0.873279 0.000000 0.487221 1.000000 1.000000 1.000000
3567.449951 0.000000 1786.203491 0.000000 0.941973 0.000000 0.335687 1.000000 1.000000 1.000000
3552.161865 0.000000 1751.458618 0.000000 0.890532 0.000000 0.454920 1.000000 1.000000 1.000000
3549.962891 0.000000 1758.898560 0.000000 0.565947 0.000000 -0.824441 1.000000 1.000000 1.000000
3572.175049 0.000000 1740.857544 0.000000 1.000000 0.000000 0.000195 1.000000 1.000000 1.000000
3553.617920 0.000000 1762.596802 0.000000 0.331237 0.000000 0.943548 1.000000 1.000000 1.000000
3526.096191 0.000000 1783.458374 0.000000 0.965898 0.000000 0.258921 1.000000 1.000000 1.000000
3527.111084 0.000000 1780.186523 0.000000 0.118212 0.000000 0.992988 1.000000 1.000000 1.000000
3571.770752 0.000000 1755.275513 0.000000 0.466881 0.000000 0.884320 1.000000 1.000000 1.000000
3573.244141 0.000000 1745.987427 0.000000 0.165454 0.000000 0.986217 1.000000 1.000000 1.000000
3533.138916 0.000000 1766.529419 0.000000 0.401881 0.000000 0.915692 1.000000 1.000000 1.000000
3537.759521 0.000000 1763.779785 0.000000 0.999643 0.000000 -0.026705 1.000000 1.000000 1.000000
3536.831543 0.000000 1766.547363 0.000000 0.688246 0.000000 -0.725477 1.000000 1.000000 1.000000
3537.419189 0.000000 1759.614380 0.000000 0.961276 0.000000 0.275588 1.000000 1.000000 1.000000
3550.568604 0.000000 1761.127808 0.000000 0.761176 0.000000 0.648545 1.000000 1.000000 1.000000
3571.472900 0.000000 1744.106934 0.000000 0.174743 0.000000 0.984614 1.000000 1.000000 1.000000
3533.377197 0.000000 1759.096924 0.000000 0.971078 0.000000 0.238764 1.000000 1.000000 1.000000
3573.903564 0.000000 1736.600220 0.000000 0.395082 0.000000 -0.918646 1.000000 1.000000 1.000000
3531.596191 0.000000 1778.144409 0.000000 0.977205 0.000000 0.212297 1.000000 1.000000 1.000000
3536.939453 0.000000 1761.842773 0.000000 0.962091 0.000000 -0.272730 1.000000 1.000000 1.000000
3551.800049 0.000000 1757.928345 0.000000 0.995184 0.000000 -0.098029 1.000000 1.000000 1.000000
3554.328125 0.000000 1766.292725 0.000000 1.000000 0.000000 0.000725 1.000000 1.000000 1.000000
3566.160645 0.000000 1784.748291 0.000000 0.906794 0.000000 -0.421573 1.000000 1.000000 1.000000
3568.825439 0.000000 1782.078003 0.000000 0.972012 0.000000 -0.234933 1.000000 1.000000 1.000000
3533.223633 0.000000 1761.177979 0.000000 0.974422 0.000000 0.224726 1.000000 1.000000 1.000000
3547.049561 0.000000 1747.037354 0.000000 0.835265 0.000000 0.549847 1.000000 1.000000 1.000000
3540.979492 0.000000 1766.189819 0.000000 0.948224 0.000000 0.317601 1.000000 1.000000 1.000000
3519.608643 0.000000 1780.854370 0.000000 0.976374 0.000000 0.216089 1.000000 1.000000 1.000000
3542.289795 0.000000 1770.716553 0.000000 0.251725 0.000000 -0.967799 1.000000 1.000000 1.000000
3558.284180 0.000000 1740.165771 0.000000 0.412862 0.000000 -0.910793 1.000000 1.000000 1.000000
3536.429199 0.000000 1768.940918 0.000000 0.929849 0.000000 -0.367941 1.000000 1.000000 1.000000
3555.099609 0.000000 1745.482910 0.000000 0.804347 0.000000 0.594159 1.000000 1.000000 1.000000
3549.863525 0.000000 1743.213989 0.000000 0.452117 0.000000 0.891959 1.000000 1.000000 1.000000
3549.143311 0.000000 1765.708740 0.000000 0.113415 0.000000 -0.993548 1.000000 1.000000 1.000000
3537.377197 0.000000 1773.424194 0.000000 0.597489 0.000000 0.801877 1.000000 1.000000 1.000000
3529.239258 0.000000 1783.829468 0.000000 0.539972 0.000000 -0.841683 1.000000 1.000000 1.000000
3572.032715 0.000000 1746.700928 0.000000 0.099248 0.000000 -0.995063 1.000000 1.000000 1.000000
3543.286621 0.000000 1769.330078 0.000000 0.984691 0.000000 0.174309 1.000000 1.000000 1.000000
3572.829102 0.000000 1744.470703 0.000000 0.964216 0.000000 0.265120 1.000000 1.000000 1.000000
3539.385254 0.000000 1756.333984 0.000000 0.983808 0.000000 0.179225 1.000000 1.000000 1.000000
3543.849854 0.000000 1748.229980 0.000000 0.996098 0.000000 -0.088253 1.000000 1.000000 1.000000
3551.063721 0.000000 1754.607666 0.000000 0.572840 0.000000 0.819667 1.000000 1.000000 1.000000
3535.398193 0.000000 1771.680664 0.000000 0.293365 0.000000 0.956001 1.000000 1.000000 1.000000
3570.570557 0.000000 1759.459229 0.000000 0.994536 0.000000 0.104396 1.000000 1.000000 1.000000
3559.923340 0.000000 1762.781006 0.000000 0.998664 0.000000 0.051680 1.000000 1.000000 1.000000
3555.682373 0.000000 1753.949707 0.000000 0.871225 0.000000 -0.490884 1.000000 1.000000 1.000000
3537.905273 0.000000 1765.901001 0.000000 0.891542 0.000000 0.452937 1.000000 1.000000 1.000000
3546.764160 0.000000 1770.767822 0.000000 0.301466 0.000000 -0.953477 1.000000 1.000000 1.000000
3555.948975 0.000000 1751.028809 0.000000 0.550169 0.000000 -0.835053 1.000000 1.000000 1.000000
3549.765869 0.000000 1764.468506 0.000000 0.990615 0.000000 -0.136682 1.000000 1.000000 1.000000
3549.812012 0.000000 1740.202148 0.000000 0.938645 0.000000 0.344885 1.000000 1.000000 1.000000
3551.654053 0.000000 1760.455811 0.000000 0.994068 0.000000 -0.108762 1.000000 1.000000 1.000000
3566.981445 0.000000 1781.980347 0.000000 0.572313 0.000000 -0.820035 1.000000 1.000000 1.000000
3534.818604 0.000000 1770.657959 0.000000 0.716013 0.000000 0.698087 1.000000 1.000000 1.000000
3549.815674 0.000000 1760.062256 0.000000 0.029015 0.000000 -0.999579 1.000000 1.000000 1.000000
3542.042969 0.000000 1769.588379 0.000000 0.983339 0.000000 0.181779 1.000000 1.000000 1.000000
3543.753174 0.000000 1768.296265 0.000000 0.898027 0.000000 0.439941 1.000000 1.000000 1.000000
3535.353271 0.000000 1769.575806 0.000000 0.894274 0.000000 0.447519 1.000000 1.000000 1.000000
3566.147949 0.000000 1780.853638 0.000000 0.322175 0.000000 0.946680 1.000000 1.000000 1.000000
3557.463135 0.000000 1771.247437 0.000000 0.332205 0.000000 0.943207 1.000000 1.000000 1.000000
3537.501221 0.000000 1769.187256 0.000000 0.387536 0.000000 0.921854 1.000000 1.000000 1.000000
3548.333984 0.000000 1759.731079 0.000000 0.981314 0.000000 -0.192415 1.000000 1.000000 1.000000
3550.651367 0.000000 1758.112549 0.000000 0.873028 0.000000 0.487670 1.000000 1.000000 1.000000
3548.776367 0.000000 1757.758423 0.000000 0.883681 0.000000 0.468091 1.000000 1.000000 1.000000
3579.234619 0.000000 1797.940063 0.000000 0.728604 0.000000 0.684936 1.000000 1.000000 1.000000
3581.449463 0.000000 1795.719604 0.000000 0.955989 0.000000 0.293404 1.000000 1.000000 1.000000
3572.175049 0.000000 1804.841919 0.000000 0.134532 0.000000 -0.990909 1.000000 1.000000 1.000000
3572.385986 0.000000 1802.490234 0.000000 0.135076 0.000000 -0.990835 1.000000 1.000000 1.000000
3582.841797 0.000000 1797.426636 0.000000 0.970073 0.000000 0.242814 1.000000 1.000000 1.000000
3589.550293 0.000000 1802.734741 0.000000 0.298624 0.000000 -0.954371 1.000000 1.000000 1.000000
3583.634277 0.000000 1800.811401 0.000000 0.806613 0.000000 0.591081 1.000000 1.000000 1.000000
3587.334961 0.000000 1802.872314 0.000000 0.622236 0.000000 -0.782830 1.000000 1.000000 1.000000
3589.845947 0.000000 1803.935303 0.000000 0.998805 0.000000 -0.048880 1.000000 1.000000 1.000000
"}
