object={
	name="tree_leaf_high_generator_1_0"
	clamp_to_water_level=no
	render_under_water=no
	generated_content=yes
	layer="tree_high_layer"
	pdxmesh="tree_leaf_01_a_mesh"
	count=86
	transform="3576.264404 0.000000 1959.127441 0.000000 0.826168 0.000000 0.563423 0.783265 0.783265 0.783265
3582.928955 0.000000 1975.601074 0.000000 0.505532 0.000000 -0.862808 0.833260 0.833260 0.833260
3558.800293 0.000000 1968.229126 0.000000 0.780358 0.000000 0.625333 0.760872 0.760872 0.760872
3560.812256 0.000000 1978.463623 0.000000 0.999723 0.000000 -0.023526 0.801645 0.801645 0.801645
3550.430664 0.000000 1980.501099 0.000000 0.197049 0.000000 -0.980394 0.912385 0.912385 0.912385
3554.321777 0.000000 1963.560059 0.000000 0.732383 0.000000 0.680892 0.734181 0.734181 0.734181
3552.709961 0.000000 1977.937134 0.000000 0.035536 0.000000 -0.999368 0.944115 0.944115 0.944115
3574.329102 0.000000 1968.056030 0.000000 0.984893 0.000000 0.173164 0.784010 0.784010 0.784010
3557.008545 0.000000 1974.309692 0.000000 0.794589 0.000000 0.607148 0.721812 0.721812 0.721812
3547.844971 0.000000 1974.551392 0.000000 0.993440 0.000000 -0.114354 0.815336 0.815336 0.815336
3562.881348 0.000000 1980.018799 0.000000 0.992222 0.000000 -0.124477 0.816451 0.816451 0.816451
3562.948242 0.000000 1964.484863 0.000000 0.859813 0.000000 -0.510610 0.991585 0.991585 0.991585
3574.714600 0.000000 1965.559082 0.000000 0.722808 0.000000 -0.691049 0.926473 0.926473 0.926473
3579.368164 0.000000 1982.696655 0.000000 0.937880 0.000000 -0.346960 0.844584 0.844584 0.844584
3538.173340 0.000000 1978.927246 0.000000 0.997017 0.000000 -0.077183 0.811573 0.811573 0.811573
3551.055176 0.000000 1966.024780 0.000000 0.257328 0.000000 0.966324 0.598455 0.598455 0.598455
3560.750488 0.000000 1969.115601 0.000000 0.872336 0.000000 -0.488906 1.000991 1.000991 1.000991
3552.327393 0.000000 1964.360596 0.000000 0.863280 0.000000 -0.504725 0.990200 0.990200 0.990200
3555.200928 0.000000 1966.666260 0.000000 0.759016 0.000000 -0.651073 1.009573 1.009573 1.009573
3560.030273 0.000000 1970.795898 0.000000 0.741325 0.000000 0.671146 0.592804 0.592804 0.592804
3575.328857 0.000000 1982.260254 0.000000 0.654426 0.000000 -0.756126 0.972950 0.972950 0.972950
3571.892334 0.000000 1975.513306 0.000000 0.773225 0.000000 -0.634131 1.009897 1.009897 1.009897
3552.106934 0.000000 1979.616455 0.000000 0.986862 0.000000 0.161565 0.761756 0.761756 0.761756
3552.034424 0.000000 1967.702393 0.000000 0.284374 0.000000 -0.958713 1.179079 1.179079 1.179079
3554.439453 0.000000 1965.202271 0.000000 0.900057 0.000000 0.435772 0.676625 0.676625 0.676625
3567.120361 0.000000 1984.943726 0.000000 0.997277 0.000000 0.073746 0.798526 0.798526 0.798526
3559.417480 0.000000 2022.954712 0.000000 0.448308 0.000000 -0.893879 0.824297 0.824297 0.824297
3562.178955 0.000000 2031.350464 0.000000 0.393297 0.000000 0.919412 0.767381 0.767381 0.767381
3539.933838 0.000000 1987.146240 0.000000 0.851597 0.000000 0.524196 0.759225 0.759225 0.759225
3563.886230 0.000000 1983.668579 0.000000 0.523370 0.000000 0.852106 0.728699 0.728699 0.728699
3557.190674 0.000000 2007.113892 0.000000 0.505857 0.000000 0.862617 0.706491 0.706491 0.706491
3561.987549 0.000000 2020.849487 0.000000 0.870378 0.000000 0.492385 0.756814 0.756814 0.756814
3538.407471 0.000000 2008.406494 0.000000 0.709819 0.000000 0.704384 0.712587 0.712587 0.712587
3553.617920 0.000000 2018.534302 0.000000 0.075004 0.000000 0.997183 0.656609 0.656609 0.656609
3536.611816 0.000000 2003.753052 0.000000 0.998685 0.000000 -0.051274 0.806659 0.806659 0.806659
3559.879150 0.000000 2029.628540 0.000000 0.957446 0.000000 0.288613 0.769008 0.769008 0.769008
3566.763428 0.000000 2016.632812 0.000000 0.166574 0.000000 -0.986029 0.987802 0.987802 0.987802
3563.512939 0.000000 1986.225952 0.000000 0.995407 0.000000 0.095735 0.785255 0.785255 0.785255
3555.110352 0.000000 2014.759155 0.000000 0.991379 0.000000 0.131025 0.780317 0.780317 0.780317
3573.292236 0.000000 1986.558594 0.000000 0.985832 0.000000 0.167737 0.781487 0.781487 0.781487
3544.020996 0.000000 1995.985596 0.000000 0.015998 0.000000 0.999872 0.545365 0.545365 0.545365
3552.366211 0.000000 2010.190308 0.000000 0.997510 0.000000 0.070531 0.770112 0.770112 0.770112
3568.089600 0.000000 2014.091797 0.000000 0.898840 0.000000 0.438277 0.740197 0.740197 0.740197
3547.746338 0.000000 2001.094360 0.000000 0.033475 0.000000 0.999440 0.545158 0.545158 0.545158
3546.133301 0.000000 1993.126709 0.000000 0.897171 0.000000 0.441684 0.714113 0.714113 0.714113
3552.874756 0.000000 1995.594727 0.000000 0.642138 0.000000 0.766589 0.669154 0.669154 0.669154
3569.258301 0.000000 1984.175049 0.000000 0.944243 0.000000 0.329250 0.652580 0.652580 0.652580
3562.761963 0.000000 1988.425415 0.000000 0.991128 0.000000 -0.132911 0.842066 0.842066 0.842066
3538.689941 0.000000 2002.862915 0.000000 0.081021 0.000000 -0.996712 1.023144 1.023144 1.023144
3576.916992 0.000000 1983.586182 0.000000 0.059396 0.000000 0.998235 0.573608 0.573608 0.573608
3536.939453 0.000000 2017.780273 0.000000 0.340665 0.000000 0.940185 0.543489 0.543489 0.543489
3535.958740 0.000000 1996.043701 0.000000 0.985074 0.000000 -0.172131 0.829368 0.829368 0.829368
3550.386719 0.000000 1983.588135 0.000000 0.045701 0.000000 -0.998955 1.247754 1.247754 1.247754
3551.935791 0.000000 1987.368286 0.000000 0.117870 0.000000 -0.993029 1.348344 1.348344 1.348344
3534.694824 0.000000 2018.489014 0.000000 0.876916 0.000000 0.480644 0.655799 0.655799 0.655799
3565.434814 0.000000 1986.524414 0.000000 0.282061 0.000000 0.959396 0.358620 0.358620 0.358620
3547.049561 0.000000 2002.974854 0.000000 0.077705 0.000000 0.996976 0.143981 0.143981 0.143981
3536.467773 0.000000 1989.109009 0.000000 0.997002 0.000000 -0.077372 0.817325 0.817325 0.817325
3552.737061 0.000000 1991.331177 0.000000 0.923658 0.000000 -0.383219 0.891900 0.891900 0.891900
3561.652100 0.000000 1989.915527 0.000000 0.838073 0.000000 0.545559 0.680138 0.680138 0.680138
3563.686035 0.000000 1989.913086 0.000000 0.946489 0.000000 0.322735 0.696300 0.696300 0.696300
3550.318359 0.000000 1986.514160 0.000000 0.928278 0.000000 -0.371888 0.943835 0.943835 0.943835
3565.881348 0.000000 2028.463867 0.000000 0.998923 0.000000 0.046388 0.786839 0.786839 0.786839
3582.988770 0.000000 1994.911133 0.000000 0.053400 0.000000 -0.998573 1.242461 1.242461 1.242461
3589.491699 0.000000 1950.268433 0.000000 0.119731 0.000000 0.992806 0.127769 0.127769 0.127769
3586.529053 0.000000 1970.768066 0.000000 0.996521 0.000000 -0.083346 0.810833 0.810833 0.810833
3589.857666 0.000000 1953.096069 0.000000 0.872636 0.000000 -0.488371 0.966103 0.966103 0.966103
3590.729004 0.000000 1947.214355 0.000000 0.924607 0.000000 -0.380922 0.999029 0.999029 0.999029
3588.283447 0.000000 1949.140015 0.000000 0.924474 0.000000 -0.381245 0.904681 0.904681 0.904681
3593.905518 0.000000 1943.158203 0.000000 0.693399 0.000000 -0.720554 1.033012 1.033012 1.033012
3594.779785 0.000000 2005.773071 0.000000 0.989500 0.000000 -0.144536 0.817381 0.817381 0.817381
3587.795898 0.000000 1999.409546 0.000000 0.784031 0.000000 0.620721 0.517793 0.517793 0.517793
3583.634277 0.000000 1992.764526 0.000000 0.799824 0.000000 0.600235 0.565982 0.565982 0.565982
3595.588379 0.000000 2034.081909 0.000000 0.998913 0.000000 -0.046621 0.808476 0.808476 0.808476
3598.067139 0.000000 2012.154419 0.000000 0.560755 0.000000 0.827981 0.612963 0.612963 0.612963
3585.488525 0.000000 1990.886353 0.000000 0.112506 0.000000 -0.993651 1.236812 1.236812 1.236812
3585.578613 0.000000 1995.089600 0.000000 0.186222 0.000000 0.982508 0.239082 0.239082 0.239082
3585.008057 0.000000 1997.408936 0.000000 0.471020 0.000000 0.882123 0.320987 0.320987 0.320987
3597.331299 0.000000 2035.027954 0.000000 0.959738 0.000000 -0.280896 0.892124 0.892124 0.892124
3596.950195 0.000000 2038.088745 0.000000 0.829940 0.000000 -0.557853 1.026936 1.026936 1.026936
3587.334961 0.000000 1994.825439 0.000000 0.645995 0.000000 -0.763342 1.049774 1.049774 1.049774
3586.441162 0.000000 1998.314941 0.000000 0.933845 0.000000 0.357679 0.645853 0.645853 0.645853
3597.677734 0.000000 2036.611572 0.000000 0.275411 0.000000 0.961326 0.366562 0.366562 0.366562
3653.887939 0.000000 2023.368530 0.000000 0.357780 0.000000 -0.933806 1.413654 1.413654 1.413654
3652.122314 0.000000 2023.251709 0.000000 0.894464 0.000000 0.447139 0.563909 0.563909 0.563909
3654.506104 0.000000 2021.832520 0.000000 0.454246 0.000000 -0.890876 1.153476 1.153476 1.153476
"}
