object={
	name="env_desert_ambient_close"
	clamp_to_water_level=yes
	render_under_water=no
	generated_content=no
	layer="env_effect_layer"
	entity="env_desert_plains_ambient"
	count= 0 
}
object={
	name="env_desert_mountains"
	clamp_to_water_level=yes
	render_under_water=no
	generated_content=no
	layer="env_effect_mountains_layer"
	entity="env_desert_mountains"
	count= 0
}
object={
	name="env_desert_plains"
	clamp_to_water_level=yes
	render_under_water=no
	generated_content=no
	layer="env_effect_layer"
	entity="env_desert_plains"
	count= 0
}
object={
	name="env_desert_plains_ambient"
	clamp_to_water_level=yes
	render_under_water=no
	generated_content=no
	layer="env_effect_layer"
	entity="env_desert_plains_ambient"
	count=0
}
object={
	name="env_forest_mountains"
	clamp_to_water_level=yes
	render_under_water=no
	generated_content=no
	layer="env_effect_mountains_layer"
	entity="env_mist_sun"
	count=0
}
object={
	name="env_mist_forest"
	clamp_to_water_level=yes
	render_under_water=no
	generated_content=no
	layer="env_effect_layer"
	entity="env_mist_sun"
	count=105
	transform="2141.059326 0.000000 3543.593506 0.000000 0.000000 0.000000 1.000000 1.000000 1.000000 1.000000
2175.089844 0.000000 3577.354980 0.000000 0.000000 0.000000 1.000000 1.000000 1.000000 1.000000
2209.466797 0.000000 3521.710693 0.000000 0.000000 0.000000 1.000000 1.000000 1.000000 1.000000
2249.520264 0.000000 3669.718750 0.000000 0.000000 0.000000 1.000000 1.206787 1.206787 1.206787
2298.471680 0.000000 3693.831543 0.000000 0.000000 0.000000 1.000000 1.000000 1.000000 1.000000
2285.832764 0.000000 3582.442383 0.000000 0.000000 0.000000 1.000000 1.330542 1.330542 1.330542
2338.371338 0.000000 3585.624756 0.000000 0.000000 0.000000 1.000000 1.000000 1.000000 1.000000
2334.714844 0.000000 3542.948242 0.000000 0.000000 0.000000 1.000000 1.000000 1.000000 1.000000
2247.077881 0.000000 3507.642090 0.000000 0.000000 0.000000 1.000000 0.526074 0.526074 0.526074
2445.426270 0.000000 3342.554932 0.000000 0.000000 0.000000 1.000000 1.000000 1.000000 1.000000
2501.034668 0.000000 3325.942383 0.000000 0.000000 0.000000 1.000000 1.584106 1.584106 1.584106
2541.392578 0.000000 3221.605469 0.000000 0.000000 0.000000 1.000000 0.730298 0.730298 0.730298
2553.317383 0.000000 3178.814697 0.000000 0.000000 0.000000 1.000000 1.000000 1.000000 1.000000
2614.138184 0.000000 3546.936279 0.000000 0.000000 0.000000 1.000000 1.000000 1.000000 1.000000
2608.238281 0.000000 3499.139893 0.000000 0.000000 0.000000 1.000000 1.000000 1.000000 1.000000
2617.245117 0.000000 3453.284180 0.000000 0.000000 0.000000 1.000000 1.000000 1.000000 1.000000
2644.100098 0.000000 3476.046631 0.000000 0.000000 0.000000 1.000000 0.657153 0.657153 0.657153
2770.654053 0.000000 3468.555176 0.000000 0.000000 0.000000 1.000000 1.218066 1.218066 1.218066
2725.070557 0.000000 3681.761719 0.000000 0.000000 0.000000 1.000000 1.000000 1.000000 1.000000
2781.118652 0.000000 3650.200684 0.000000 0.000000 0.000000 1.000000 1.000000 1.000000 1.000000
2828.680908 0.000000 3614.323975 0.000000 0.000000 0.000000 1.000000 1.000000 1.000000 1.000000
2857.515625 0.000000 3574.031738 0.000000 0.000000 0.000000 1.000000 1.000000 1.000000 1.000000
2910.022705 0.000000 3493.593018 0.000000 0.000000 0.000000 1.000000 1.000000 1.000000 1.000000
2897.871826 0.000000 3437.128906 0.000000 0.000000 0.000000 1.000000 1.000000 1.000000 1.000000
2931.056396 0.000000 3373.343506 0.000000 0.000000 0.000000 1.000000 1.000000 1.000000 1.000000
2903.949219 0.000000 3309.934082 0.000000 0.000000 0.000000 1.000000 1.136914 1.136914 1.136914
2922.193359 0.000000 3250.784668 0.000000 0.000000 0.000000 1.000000 1.000000 1.000000 1.000000
2976.541504 0.000000 3324.780518 0.000000 0.000000 0.000000 1.000000 1.000000 1.000000 1.000000
3039.523926 0.000000 3287.199463 0.000000 0.000000 0.000000 1.000000 1.000000 1.000000 1.000000
3080.075439 0.000000 3239.521484 0.000000 0.000000 0.000000 1.000000 1.000000 1.000000 1.000000
3186.201660 0.000000 3283.663330 0.000000 0.000000 0.000000 1.000000 1.000000 1.000000 1.000000
3249.020020 0.000000 3294.789551 0.000000 0.000000 0.000000 1.000000 1.000000 1.000000 1.000000
3306.354248 0.000000 3312.568359 0.000000 0.000000 0.000000 1.000000 1.000000 1.000000 1.000000
3287.159424 0.000000 3363.114746 0.000000 0.000000 0.000000 1.000000 1.000000 1.000000 1.000000
3340.240967 0.000000 3401.845215 0.000000 0.000000 0.000000 1.000000 1.000000 1.000000 1.000000
3418.161133 0.000000 3412.669678 0.000000 0.000000 0.000000 1.000000 1.000000 1.000000 1.000000
3480.427734 0.000000 3430.982178 0.000000 0.000000 0.000000 1.000000 1.000000 1.000000 1.000000
3570.124023 0.000000 3426.854980 0.000000 0.000000 0.000000 1.000000 1.000000 1.000000 1.000000
3647.303955 0.000000 3440.774658 0.000000 0.000000 0.000000 1.000000 1.000000 1.000000 1.000000
3860.398193 0.000000 3384.766602 0.000000 0.000000 0.000000 1.000000 1.000000 1.000000 1.000000
3943.476807 0.000000 3437.892578 0.000000 0.000000 0.000000 1.000000 1.000000 1.000000 1.000000
4008.855469 0.000000 3419.686035 0.000000 0.000000 0.000000 1.000000 1.000000 1.000000 1.000000
4016.806885 0.000000 3504.501709 0.000000 0.000000 0.000000 1.000000 1.000000 1.000000 1.000000
4222.962891 0.000000 3428.950928 0.000000 0.000000 0.000000 1.000000 1.797559 1.797559 1.797559
4392.164062 0.000000 3358.085449 0.000000 0.000000 0.000000 1.000000 1.000000 1.000000 1.000000
4468.886719 0.000000 3285.967529 0.000000 0.000000 0.000000 1.000000 1.000000 1.000000 1.000000
4410.359863 0.000000 3158.872070 0.000000 0.000000 0.000000 1.000000 1.000000 1.000000 1.000000
4233.876953 0.000000 3166.842529 0.000000 0.000000 0.000000 1.000000 1.600635 1.600635 1.600635
4831.582520 0.000000 3404.824463 0.000000 0.000000 0.000000 1.000000 1.000000 1.000000 1.000000
4954.770996 0.000000 3449.033203 0.000000 0.000000 0.000000 1.000000 1.000000 1.000000 1.000000
5071.733398 0.000000 3451.946289 0.000000 0.000000 0.000000 1.000000 1.000000 1.000000 1.000000
5817.958496 0.000000 3425.153564 0.000000 0.000000 0.000000 1.000000 1.000000 1.000000 1.000000
6102.660156 0.000000 3651.695312 0.000000 0.000000 0.000000 1.000000 1.000000 1.000000 1.000000
6140.701172 0.000000 1074.055420 0.000000 0.000000 0.000000 1.000000 1.000000 1.000000 1.000000
6093.336426 0.000000 1171.513062 0.000000 0.000000 0.000000 1.000000 1.000000 1.000000 1.000000
6073.020020 0.000000 1264.348511 0.000000 0.000000 0.000000 1.000000 1.000000 1.000000 1.000000
6064.742188 0.000000 1344.650269 0.000000 0.000000 0.000000 1.000000 1.000000 1.000000 1.000000
6024.866211 0.000000 1430.152588 0.000000 0.000000 0.000000 1.000000 1.000000 1.000000 1.000000
6074.124023 0.000000 1485.878296 0.000000 0.000000 0.000000 1.000000 3.063232 3.063232 3.063232
5964.508789 0.000000 1431.750244 0.000000 0.000000 0.000000 1.000000 1.000000 1.000000 1.000000
5841.810059 0.000000 1316.145142 0.000000 0.000000 0.000000 1.000000 0.593762 0.593762 0.593762
5851.124512 0.000000 1258.243774 0.000000 0.000000 0.000000 1.000000 0.732153 0.732153 0.732153
5875.388672 0.000000 1204.208252 0.000000 0.000000 0.000000 1.000000 0.514282 0.514282 0.514282
5246.725586 0.000000 1007.027527 0.000000 0.000000 0.000000 1.000000 1.316821 1.316821 1.316821
5359.094238 0.000000 988.601807 0.000000 0.000000 0.000000 1.000000 0.407538 0.407538 0.407538
5344.531250 0.000000 944.394043 0.000000 0.000000 0.000000 1.000000 0.457458 0.457458 0.457458
2898.641113 0.000000 121.650093 0.000000 0.000000 0.000000 1.000000 4.067575 4.067575 4.067575
2700.636719 0.000000 118.591522 0.000000 0.000000 0.000000 1.000000 4.067575 4.067575 4.067575
2510.415527 0.000000 128.979279 0.000000 0.000000 0.000000 1.000000 4.067575 4.067575 4.067575
2326.315430 0.000000 137.290192 0.000000 0.000000 0.000000 1.000000 2.603565 2.603565 2.603565
2154.342773 0.000000 142.974228 0.000000 0.000000 0.000000 1.000000 2.603565 2.603565 2.603565
2017.503784 0.000000 154.235809 0.000000 0.000000 0.000000 1.000000 2.603565 2.603565 2.603565
1877.100464 0.000000 185.232758 0.000000 0.000000 0.000000 1.000000 2.603565 2.603565 2.603565
1768.888550 0.000000 101.690590 0.000000 0.000000 0.000000 1.000000 2.603565 2.603565 2.603565
1492.544678 0.000000 65.099266 0.000000 0.000000 0.000000 1.000000 0.788075 0.788075 0.788075
856.144531 0.000000 603.621826 0.000000 0.000000 0.000000 1.000000 0.274979 0.274979 0.274979
841.608337 0.000000 570.586182 0.000000 0.000000 0.000000 1.000000 0.443714 0.443714 0.443714
5843.829102 0.000000 2506.498779 0.000000 0.000000 0.000000 1.000000 2.872632 2.872632 2.872632
5951.733887 0.000000 2569.973145 0.000000 0.000000 0.000000 1.000000 2.918067 2.918067 2.918067
6093.823242 0.000000 2560.098145 0.000000 0.000000 0.000000 1.000000 3.948779 3.948779 3.948779
6260.731934 0.000000 2699.227295 0.000000 0.000000 0.000000 1.000000 6.633838 6.633838 6.633838
6495.341797 0.000000 2295.684326 0.000000 0.000000 0.000000 1.000000 4.178710 4.178710 4.178710
6327.373047 0.000000 3149.875488 0.000000 0.000000 0.000000 1.000000 1.534155 1.534155 1.534155
6325.858887 0.000000 3242.831787 0.000000 0.000000 0.000000 1.000000 1.615185 1.615185 1.615185
4681.729980 0.000000 2606.204102 0.000000 0.000000 0.000000 1.000000 1.166650 1.166650 1.166650
4899.223145 0.000000 2918.658203 0.000000 0.000000 0.000000 1.000000 1.000000 1.000000 1.000000
4794.894531 0.000000 2823.252441 0.000000 0.000000 0.000000 1.000000 1.459229 1.459229 1.459229
4716.460938 0.000000 2849.145752 0.000000 0.000000 0.000000 1.000000 1.464526 1.464526 1.464526
4659.264648 0.000000 2872.398193 0.000000 0.000000 0.000000 1.000000 1.396167 1.396167 1.396167
4602.474609 0.000000 2905.695068 0.000000 0.000000 0.000000 1.000000 1.370239 1.370239 1.370239
4451.886230 0.000000 3001.057617 0.000000 0.000000 0.000000 1.000000 1.897241 1.897241 1.897241
4315.296875 0.000000 2947.663330 0.000000 0.000000 0.000000 1.000000 1.242920 1.242920 1.242920
4214.666992 0.000000 2991.323242 0.000000 0.000000 0.000000 1.000000 1.346289 1.346289 1.346289
4233.651855 0.000000 3034.521240 0.000000 0.000000 0.000000 1.000000 1.060840 1.060840 1.060840
4207.695801 0.000000 2786.155029 0.000000 0.000000 0.000000 1.000000 1.728418 1.728418 1.728418
4129.923828 0.000000 2788.139893 0.000000 0.000000 0.000000 1.000000 1.416357 1.416357 1.416357
4060.210938 0.000000 2770.271240 0.000000 0.000000 0.000000 1.000000 1.374268 1.374268 1.374268
3896.086182 0.000000 2689.438477 0.000000 0.000000 0.000000 1.000000 1.335938 1.335938 1.335938
3789.792236 0.000000 2687.219727 0.000000 0.000000 0.000000 1.000000 1.157056 1.157056 1.157056
3694.904297 0.000000 2699.454834 0.000000 0.000000 0.000000 1.000000 1.000000 1.000000 1.000000
3619.990723 0.000000 2690.754639 0.000000 0.000000 0.000000 1.000000 1.000000 1.000000 1.000000
3313.828369 0.000000 2353.437744 0.000000 0.000000 0.000000 1.000000 1.921509 1.921509 1.921509
3206.026367 0.000000 2368.157471 0.000000 0.000000 0.000000 1.000000 2.267358 2.267358 2.267358
4590.911621 0.000000 3173.989014 0.000000 0.000000 0.000000 1.000000 1.346802 1.346802 1.346802
4663.714844 0.000000 3162.239502 0.000000 0.000000 0.000000 1.000000 1.084546 1.084546 1.084546
"}

object={
	name="env_snow_mountains"
	clamp_to_water_level=yes
	render_under_water=no
	generated_content=no
	layer="env_effect_mountains_layer"
	entity="env_snow_mountains"
	count=0
}
object={
	name="waterfall"
	clamp_to_water_level=yes
	render_under_water=no
	generated_content=no
	layer="coast_foam_layer"
	entity="waterfall"
	count=0
}
object={
	name="waterfall_bottom"
	clamp_to_water_level=yes
	render_under_water=no
	generated_content=no
	layer="coast_foam_layer"
	entity="waterfall_bottom"
	count=0
}
