object={
	name="lakes"
	clamp_to_water_level=yes
	render_under_water=no
	generated_content=no
	layer="lake_layer"
	pdxmesh="lake_mesh"
	count=11
	transform="4349.174316 -1.018188 2164.434326 0.000000 0.377971 0.000000 0.925816 39.734669 39.734669 39.734669
4475.540527 0.892212 2272.299805 0.000000 0.913106 0.000000 -0.407721 34.829536 34.829536 34.829536
4371.850586 1.752808 2278.301270 0.000000 0.960972 0.000000 0.276643 29.395042 29.395042 29.395042
4085.195312 1.603882 2511.816406 0.000000 0.614798 0.000000 -0.788684 54.633282 54.633282 54.633282
3918.166992 2.218872 2418.193115 0.000000 0.795308 0.000000 -0.606205 53.403206 53.403206 53.403206
4100.828125 -0.826294 2132.030762 0.000000 0.795308 0.000000 -0.606205 104.439102 104.439102 104.439102
3327.815674 0.599365 1131.907227 0.000000 0.499226 0.000000 0.866472 61.800323 61.800323 61.800323
4669.707520 -1.156128 1787.627930 0.000000 -0.556130 0.000000 0.831096 57.553745 57.553745 57.553745
3856.077393 0.000000 1721.936523 0.000000 0.000000 0.000000 1.000000 1.000000 1.000000 1.000000
3861.007568 0.000000 1691.528564 0.000000 0.000000 0.000000 1.000000 1.000000 1.000000 1.000000
3906.064697 0.278931 1716.261841 0.000000 -0.507269 0.000000 0.861788 112.285645 112.285645 112.285645
"}
