object={
	name="celtic_newgrange"
	clamp_to_water_level=no
	render_under_water=no
	generated_content=no
	layer="building_layer"
	pdxmesh="building_celtic_newgrange_mesh"
	count=1
	transform="3345.429688 0.000000 2280.841553 0.000000 0.155223 0.000000 0.987879 1.000000 1.000000 1.000000
"}
object={
	name="celtic_round_tower"
	clamp_to_water_level=no
	render_under_water=no
	generated_content=no
	layer="building_layer"
	pdxmesh="building_celtic_round_tower_01_mesh"
	count=55
	transform="3632.679688 0.000000 3287.208252 0.000000 0.153444 0.000000 0.988157 2.238599 2.238599 2.238599
3547.590820 0.000000 3680.415039 0.000000 -0.853584 0.000000 0.520955 1.750643 1.750643 1.750643
3538.470947 0.000000 3107.492920 0.000000 0.304940 0.000000 0.952372 1.965381 1.965381 1.965381
3054.125732 0.000000 1092.818726 0.000000 -0.497771 0.000000 0.867309 2.024792 2.024792 2.024792
2839.846680 0.000000 2654.717773 0.000000 0.878680 0.000000 0.477412 2.032373 2.032373 2.032373
1775.129028 0.000000 1659.195190 0.000000 0.269573 0.000000 0.962980 2.167059 2.167059 2.167059
1462.691162 0.000000 1310.526611 0.000000 0.208690 0.000000 0.977982 2.016785 2.016785 2.016785
1797.242432 0.000000 1492.836792 0.000000 -0.911228 0.000000 0.411902 1.764416 1.764416 1.764416
1744.698364 0.000000 335.222809 0.000000 0.895305 0.000000 0.445453 2.188199 2.188199 2.188199
2215.338379 0.000000 485.397522 0.000000 -0.602652 0.000000 0.798004 2.052093 2.052093 2.052093
2482.590576 0.000000 3907.896240 0.000000 -0.529166 0.000000 0.848518 2.430790 2.430790 2.430790
3739.544922 0.000000 3089.037109 0.000000 -0.317324 0.000000 0.948317 1.791675 1.791675 1.791675
3742.985596 0.000000 2778.713867 0.000000 -0.877028 0.000000 0.480439 2.276196 2.276196 2.276196
3920.247559 0.000000 3044.548096 0.000000 0.621929 0.000000 0.783074 2.123951 2.123951 2.123951
3555.435547 0.000000 2025.128174 0.000000 0.072051 0.000000 0.997401 2.064673 2.064673 2.064673
3409.017578 0.000000 1799.737793 0.000000 -0.247404 0.000000 0.968912 2.015967 2.015967 2.015967
3577.895264 0.000000 2053.752197 0.000000 0.632648 0.000000 0.774440 1.969473 1.969473 1.969473
2766.950684 0.000000 2977.668457 0.000000 -0.299413 0.000000 0.954124 2.012793 2.012793 2.012793
2730.341797 0.000000 2979.855225 0.000000 0.126400 0.000000 0.991979 2.102271 2.102271 2.102271
1933.530151 0.000000 1718.266357 0.000000 0.414241 0.000000 0.910167 2.032954 2.032954 2.032954
2008.053345 0.000000 2229.564697 0.000000 -0.445553 0.000000 0.895256 2.245215 2.245215 2.245215
1857.907715 0.000000 1977.507324 0.000000 0.322139 0.000000 0.946693 2.210217 2.210217 2.210217
1349.606079 0.000000 765.318970 0.000000 -0.752351 0.000000 0.658763 2.069220 2.069220 2.069220
1404.137329 0.000000 1107.066650 0.000000 0.549467 0.000000 0.835515 2.159997 2.159997 2.159997
3177.390625 0.000000 1673.252319 0.000000 -0.367805 0.000000 0.929903 2.111475 2.111475 2.111475
3111.586670 0.000000 1699.089844 0.000000 0.327464 0.000000 0.944864 1.969189 1.969189 1.969189
3137.398926 0.000000 1473.634644 0.000000 0.184424 0.000000 0.982847 2.229553 2.229553 2.229553
3316.222168 0.000000 1918.399170 0.000000 0.743458 0.000000 0.668783 2.006958 2.006958 2.006958
2806.667969 0.000000 1019.675537 0.000000 -0.654462 0.000000 0.756095 2.172442 2.172442 2.172442
2703.818115 0.000000 1382.074951 0.000000 0.207138 0.000000 0.978312 2.279465 2.279465 2.279465
2934.296143 0.000000 1232.789062 0.000000 0.181274 0.000000 0.983433 2.017004 2.017004 2.017004
2922.465332 0.000000 1512.741577 0.000000 -0.911335 0.000000 0.411666 1.680762 1.680762 1.680762
2010.033569 0.000000 964.773071 0.000000 -0.094737 0.000000 0.995502 1.977728 1.977728 1.977728
2006.976074 0.000000 1027.644897 0.000000 0.133708 0.000000 0.991021 1.914302 1.914302 1.914302
2037.000610 0.000000 1131.194580 0.000000 0.997073 0.000000 -0.076453 2.203796 2.203796 2.203796
2952.121094 0.000000 3607.475342 0.000000 -0.711132 0.000000 0.703059 2.060352 2.060352 2.060352
3395.181641 0.000000 2347.515381 0.000000 -0.641937 0.000000 0.766758 2.013672 2.013672 2.013672
3468.422119 0.000000 2604.315186 0.000000 -0.345310 0.000000 0.938488 1.864258 1.864258 1.864258
3431.843262 0.000000 2497.482178 0.000000 -0.338772 0.000000 0.940868 2.097632 2.097632 2.097632
1813.010620 0.000000 2554.362061 0.000000 0.728261 0.000000 0.685300 2.393373 2.393373 2.393373
1828.681396 0.000000 2882.473145 0.000000 0.290694 0.000000 0.956816 2.189258 2.189258 2.189258
1833.289429 0.000000 2796.700195 0.000000 -0.369266 0.000000 0.929324 2.226221 2.226221 2.226221
3229.671631 0.000000 2252.149170 0.000000 -0.295800 0.000000 0.955250 2.087622 2.087622 2.087622
3123.957520 0.000000 2350.742676 0.000000 -0.204122 0.000000 0.978946 2.497121 2.497121 2.497121
3003.534912 0.000000 2772.613281 0.000000 0.348716 0.000000 0.937228 1.964697 1.964697 1.964697
3321.357178 0.000000 2574.708008 0.000000 -0.693296 0.000000 0.720653 2.008228 2.008228 2.008228
2465.250977 0.000000 1927.427002 0.000000 -0.312139 0.000000 0.950036 2.151608 2.151608 2.151608
2567.005859 0.000000 1687.835815 0.000000 0.246310 0.000000 0.969191 2.292127 2.292127 2.292127
2287.143555 0.000000 2280.119629 0.000000 -0.473684 0.000000 0.880695 2.321390 2.321390 2.321390
2228.268311 0.000000 2983.796631 0.000000 0.547407 -0.000000 -0.836866 2.242857 2.242857 2.242857
2426.861084 0.000000 1111.747437 0.000000 -0.975463 0.000000 0.220162 2.290930 2.290930 2.290930
2571.364258 0.000000 1563.385986 0.000000 -0.434509 0.000000 0.900667 2.040894 2.040894 2.040894
2579.214600 0.000000 1284.340820 0.000000 0.000000 0.000000 1.000000 2.210024 2.210024 2.210024
3399.072021 0.000000 1611.631226 0.000000 -0.835535 0.000000 0.549438 2.177309 2.177309 2.177309
2504.075684 0.000000 561.635681 0.000000 0.426245 0.000000 0.904608 2.355088 2.355088 2.355088
"}
